0.971017 -0.242181 0.000000	-0.969065 0.243992 0.000000	-0.001953 -0.001811 0.000000	
0.971986 -0.241274 0.000000	-0.968080 0.244896 0.000000	-0.003906 -0.003622 0.000000	
0.972949 -0.240365 0.000000	-0.967090 0.245798 0.000000	-0.005859 -0.005433 0.000000	
0.973907 -0.239455 0.000000	-0.966095 0.246699 0.000000	-0.007812 -0.007244 0.000000	
0.974859 -0.238544 0.000000	-0.965095 0.247598 0.000000	-0.009765 -0.009055 0.000000	
0.975807 -0.237631 0.000000	-0.964089 0.248496 0.000000	-0.011718 -0.010865 0.000000	
0.976749 -0.236717 0.000000	-0.963078 0.249393 0.000000	-0.013671 -0.012676 0.000000	
0.977686 -0.235802 0.000000	-0.962061 0.250288 0.000000	-0.015625 -0.014486 0.000000	
0.978618 -0.234886 0.000000	-0.961039 0.251181 0.000000	-0.017579 -0.016295 0.000000	
0.979544 -0.233968 0.000000	-0.960011 0.252073 0.000000	-0.019533 -0.018105 0.000000	
0.980466 -0.233050 0.000000	-0.958978 0.252964 0.000000	-0.021488 -0.019914 0.000000	
0.981382 -0.232130 0.000000	-0.957939 0.253853 0.000000	-0.023443 -0.021722 0.000000	
0.982293 -0.231209 0.000000	-0.956895 0.254740 0.000000	-0.025398 -0.023530 0.000000	
0.983199 -0.230288 0.000000	-0.955846 0.255626 0.000000	-0.027353 -0.025338 0.000000	
0.984100 -0.229365 0.000000	-0.954791 0.256510 0.000000	-0.029309 -0.027145 0.000000	
0.984996 -0.228441 0.000000	-0.953730 0.257392 0.000000	-0.031266 -0.028952 0.000000	
0.985886 -0.227515 0.000000	-0.952664 0.258273 0.000000	-0.033223 -0.030758 0.000000	
0.986772 -0.226589 0.000000	-0.951592 0.259152 0.000000	-0.035180 -0.032563 0.000000	
0.987653 -0.225662 0.000000	-0.950515 0.260030 0.000000	-0.037138 -0.034368 0.000000	
0.988528 -0.224734 0.000000	-0.949432 0.260905 0.000000	-0.039096 -0.036171 0.000000	
0.989399 -0.223805 0.000000	-0.948343 0.261779 0.000000	-0.041055 -0.037975 0.000000	
0.990264 -0.222875 0.000000	-0.947249 0.262652 0.000000	-0.043015 -0.039777 0.000000	
0.991125 -0.221944 0.000000	-0.946149 0.263522 0.000000	-0.044976 -0.041578 0.000000	
0.991980 -0.221011 0.000000	-0.945044 0.264391 0.000000	-0.046937 -0.043379 0.000000	
0.992831 -0.220078 0.000000	-0.943933 0.265257 0.000000	-0.048898 -0.045179 0.000000	
0.993677 -0.219145 0.000000	-0.942816 0.266122 0.000000	-0.050861 -0.046978 0.000000	
0.994517 -0.218210 0.000000	-0.941693 0.266985 0.000000	-0.052824 -0.048775 0.000000	
0.995353 -0.217274 0.000000	-0.940565 0.267846 0.000000	-0.054788 -0.050572 0.000000	
0.996184 -0.216337 0.000000	-0.939431 0.268705 0.000000	-0.056753 -0.052368 0.000000	
0.997010 -0.215400 0.000000	-0.938291 0.269562 0.000000	-0.058719 -0.054162 0.000000	
0.997831 -0.214462 0.000000	-0.937146 0.270418 0.000000	-0.060686 -0.055956 0.000000	
0.998648 -0.213523 0.000000	-0.935995 0.271271 0.000000	-0.062653 -0.057748 0.000000	
0.999459 -0.212583 0.000000	-0.934838 0.272122 0.000000	-0.064622 -0.059539 0.000000	
1.000266 -0.211642 0.000000	-0.933675 0.272971 0.000000	-0.066591 -0.061329 0.000000	
1.001068 -0.210700 0.000000	-0.932506 0.273818 0.000000	-0.068562 -0.063117 0.000000	
1.001865 -0.209758 0.000000	-0.931332 0.274662 0.000000	-0.070533 -0.064904 0.000000	
1.002657 -0.208815 0.000000	-0.930151 0.275505 0.000000	-0.072506 -0.066690 0.000000	
1.003444 -0.207871 0.000000	-0.928965 0.276346 0.000000	-0.074479 -0.068475 0.000000	
1.004227 -0.206926 0.000000	-0.927773 0.277184 0.000000	-0.076454 -0.070257 0.000000	
1.005005 -0.205981 0.000000	-0.926575 0.278020 0.000000	-0.078430 -0.072039 0.000000	
1.005778 -0.205035 0.000000	-0.925371 0.278854 0.000000	-0.080407 -0.073819 0.000000	
1.006547 -0.204088 0.000000	-0.924162 0.279685 0.000000	-0.082385 -0.075597 0.000000	
1.007311 -0.203141 0.000000	-0.922946 0.280514 0.000000	-0.084365 -0.077374 0.000000	
1.008070 -0.202193 0.000000	-0.921725 0.281341 0.000000	-0.086345 -0.079149 0.000000	
1.008824 -0.201244 0.000000	-0.920497 0.282166 0.000000	-0.088327 -0.080922 0.000000	
1.009574 -0.200294 0.000000	-0.919264 0.282988 0.000000	-0.090311 -0.082693 0.000000	
1.010320 -0.199344 0.000000	-0.918024 0.283807 0.000000	-0.092295 -0.084463 0.000000	
1.011060 -0.198393 0.000000	-0.916779 0.284625 0.000000	-0.094281 -0.086231 0.000000	
1.011796 -0.197442 0.000000	-0.915528 0.285439 0.000000	-0.096268 -0.087997 0.000000	
1.012527 -0.196490 0.000000	-0.914270 0.286252 0.000000	-0.098257 -0.089762 0.000000	
1.013254 -0.195537 0.000000	-0.913007 0.287061 0.000000	-0.100247 -0.091524 0.000000	
1.013976 -0.194584 0.000000	-0.911738 0.287868 0.000000	-0.102239 -0.093284 0.000000	
1.014694 -0.193630 0.000000	-0.910462 0.288673 0.000000	-0.104232 -0.095042 0.000000	
1.015407 -0.192676 0.000000	-0.909181 0.289475 0.000000	-0.106226 -0.096799 0.000000	
1.016116 -0.191721 0.000000	-0.907893 0.290274 0.000000	-0.108223 -0.098553 0.000000	
1.016820 -0.190766 0.000000	-0.906600 0.291070 0.000000	-0.110220 -0.100305 0.000000	
1.017519 -0.189810 0.000000	-0.905300 0.291864 0.000000	-0.112219 -0.102055 0.000000	
1.018215 -0.188853 0.000000	-0.903994 0.292655 0.000000	-0.114220 -0.103802 0.000000	
1.018905 -0.187896 0.000000	-0.902682 0.293443 0.000000	-0.116223 -0.105547 0.000000	
1.019591 -0.186938 0.000000	-0.901364 0.294229 0.000000	-0.118227 -0.107290 0.000000	
1.020273 -0.185980 0.000000	-0.900040 0.295011 0.000000	-0.120233 -0.109031 0.000000	
1.020950 -0.185021 0.000000	-0.898710 0.295791 0.000000	-0.122240 -0.110769 0.000000	
1.021623 -0.184062 0.000000	-0.897374 0.296568 0.000000	-0.124249 -0.112505 0.000000	
1.022291 -0.183103 0.000000	-0.896031 0.297341 0.000000	-0.126260 -0.114239 0.000000	
1.022955 -0.182143 0.000000	-0.894682 0.298112 0.000000	-0.128273 -0.115969 0.000000	
1.023615 -0.181182 0.000000	-0.893327 0.298880 0.000000	-0.130288 -0.117698 0.000000	
1.024270 -0.180221 0.000000	-0.891966 0.299645 0.000000	-0.132304 -0.119423 0.000000	
1.024921 -0.179260 0.000000	-0.890599 0.300406 0.000000	-0.134322 -0.121146 0.000000	
1.025568 -0.178298 0.000000	-0.889226 0.301165 0.000000	-0.136342 -0.122867 0.000000	
1.026210 -0.177335 0.000000	-0.887846 0.301920 0.000000	-0.138364 -0.124584 0.000000	
1.026848 -0.176373 0.000000	-0.886460 0.302672 0.000000	-0.140388 -0.126299 0.000000	
1.027482 -0.175410 0.000000	-0.885068 0.303421 0.000000	-0.142414 -0.128011 0.000000	
1.028111 -0.174446 0.000000	-0.883669 0.304167 0.000000	-0.144442 -0.129721 0.000000	
1.028736 -0.173482 0.000000	-0.882265 0.304909 0.000000	-0.146471 -0.131427 0.000000	
1.029357 -0.172518 0.000000	-0.880854 0.305648 0.000000	-0.148503 -0.133130 0.000000	
1.029973 -0.171553 0.000000	-0.879437 0.306384 0.000000	-0.150537 -0.134831 0.000000	
1.030586 -0.170588 0.000000	-0.878013 0.307116 0.000000	-0.152572 -0.136528 0.000000	
1.031194 -0.169623 0.000000	-0.876584 0.307845 0.000000	-0.154610 -0.138222 0.000000	
1.031798 -0.168657 0.000000	-0.875148 0.308570 0.000000	-0.156650 -0.139913 0.000000	
1.032397 -0.167691 0.000000	-0.873706 0.309292 0.000000	-0.158692 -0.141601 0.000000	
1.032993 -0.166724 0.000000	-0.872257 0.310010 0.000000	-0.160736 -0.143286 0.000000	
1.033584 -0.165757 0.000000	-0.870802 0.310725 0.000000	-0.162782 -0.144967 0.000000	
1.034171 -0.164790 0.000000	-0.869341 0.311436 0.000000	-0.164830 -0.146646 0.000000	
1.034754 -0.163823 0.000000	-0.867874 0.312143 0.000000	-0.166880 -0.148321 0.000000	
1.035333 -0.162855 0.000000	-0.866400 0.312847 0.000000	-0.168933 -0.149992 0.000000	
1.035907 -0.161887 0.000000	-0.864920 0.313547 0.000000	-0.170988 -0.151660 0.000000	
1.036478 -0.160918 0.000000	-0.863433 0.314243 0.000000	-0.173045 -0.153325 0.000000	
1.037044 -0.159950 0.000000	-0.861941 0.314936 0.000000	-0.175104 -0.154986 0.000000	
1.037607 -0.158981 0.000000	-0.860442 0.315624 0.000000	-0.177165 -0.156643 0.000000	
1.038165 -0.158011 0.000000	-0.858936 0.316309 0.000000	-0.179229 -0.158297 0.000000	
1.038719 -0.157042 0.000000	-0.857424 0.316989 0.000000	-0.181295 -0.159947 0.000000	
1.039269 -0.156072 0.000000	-0.855906 0.317666 0.000000	-0.183363 -0.161594 0.000000	
1.039816 -0.155102 0.000000	-0.854382 0.318339 0.000000	-0.185434 -0.163237 0.000000	
1.040358 -0.154132 0.000000	-0.852851 0.319007 0.000000	-0.187507 -0.164876 0.000000	
1.040896 -0.153161 0.000000	-0.851314 0.319672 0.000000	-0.189582 -0.166511 0.000000	
1.041430 -0.152190 0.000000	-0.849770 0.320332 0.000000	-0.191659 -0.168142 0.000000	
1.041960 -0.151219 0.000000	-0.848220 0.320989 0.000000	-0.193739 -0.169770 0.000000	
1.042486 -0.150248 0.000000	-0.846664 0.321641 0.000000	-0.195822 -0.171393 0.000000	
1.043008 -0.149276 0.000000	-0.845101 0.322289 0.000000	-0.197906 -0.173012 0.000000	
1.043526 -0.148304 0.000000	-0.843532 0.322932 0.000000	-0.199993 -0.174628 0.000000	
1.044040 -0.147332 0.000000	-0.841957 0.323571 0.000000	-0.202083 -0.176239 0.000000	
1.044550 -0.146360 0.000000	-0.840375 0.324206 0.000000	-0.204175 -0.177846 0.000000	
1.045056 -0.145388 0.000000	-0.838787 0.324836 0.000000	-0.206269 -0.179449 0.000000	
1.045558 -0.144415 0.000000	-0.837192 0.325462 0.000000	-0.208366 -0.181047 0.000000	
1.046057 -0.143442 0.000000	-0.835592 0.326084 0.000000	-0.210465 -0.182641 0.000000	
1.046551 -0.142469 0.000000	-0.833984 0.326701 0.000000	-0.212567 -0.184231 0.000000	
1.047042 -0.141496 0.000000	-0.832371 0.327313 0.000000	-0.214671 -0.185817 0.000000	
1.047528 -0.140523 0.000000	-0.830751 0.327920 0.000000	-0.216778 -0.187398 0.000000	
1.048011 -0.139549 0.000000	-0.829124 0.328523 0.000000	-0.218887 -0.188974 0.000000	
1.048490 -0.138575 0.000000	-0.827492 0.329122 0.000000	-0.220999 -0.190546 0.000000	
1.048965 -0.137601 0.000000	-0.825853 0.329715 0.000000	-0.223113 -0.192114 0.000000	
1.049437 -0.136627 0.000000	-0.824207 0.330304 0.000000	-0.225229 -0.193677 0.000000	
1.049904 -0.135653 0.000000	-0.822555 0.330888 0.000000	-0.227349 -0.195235 0.000000	
1.050368 -0.134678 0.000000	-0.820897 0.331467 0.000000	-0.229470 -0.196788 0.000000	
1.050827 -0.133704 0.000000	-0.819233 0.332041 0.000000	-0.231595 -0.198337 0.000000	
1.051283 -0.132729 0.000000	-0.817562 0.332610 0.000000	-0.233721 -0.199881 0.000000	
1.051735 -0.131754 0.000000	-0.815885 0.333174 0.000000	-0.235851 -0.201420 0.000000	
1.052184 -0.130779 0.000000	-0.814201 0.333733 0.000000	-0.237983 -0.202954 0.000000	
1.052628 -0.129804 0.000000	-0.812511 0.334287 0.000000	-0.240117 -0.204483 0.000000	
1.053069 -0.128829 0.000000	-0.810815 0.334835 0.000000	-0.242254 -0.206007 0.000000	
1.053506 -0.127853 0.000000	-0.809113 0.335379 0.000000	-0.244394 -0.207526 0.000000	
1.053940 -0.126878 0.000000	-0.807404 0.335917 0.000000	-0.246536 -0.209039 0.000000	
1.054369 -0.125902 0.000000	-0.805689 0.336450 0.000000	-0.248680 -0.210548 0.000000	
1.054795 -0.124926 0.000000	-0.803968 0.336978 0.000000	-0.250828 -0.212052 0.000000	
1.055217 -0.123950 0.000000	-0.802240 0.337500 0.000000	-0.252977 -0.213550 0.000000	
1.055636 -0.122974 0.000000	-0.800506 0.338017 0.000000	-0.255130 -0.215043 0.000000	
1.056051 -0.121998 0.000000	-0.798766 0.338528 0.000000	-0.257285 -0.216530 0.000000	
1.056462 -0.121022 0.000000	-0.797019 0.339034 0.000000	-0.259442 -0.218012 0.000000	
1.056869 -0.120045 0.000000	-0.795267 0.339535 0.000000	-0.261602 -0.219489 0.000000	
1.057273 -0.119069 0.000000	-0.793508 0.340029 0.000000	-0.263765 -0.220960 0.000000	
1.057673 -0.118092 0.000000	-0.791743 0.340518 0.000000	-0.265930 -0.222426 0.000000	
1.058069 -0.117116 0.000000	-0.789971 0.341002 0.000000	-0.268098 -0.223886 0.000000	
1.058462 -0.116139 0.000000	-0.788194 0.341479 0.000000	-0.270268 -0.225340 0.000000	
1.058851 -0.115162 0.000000	-0.786410 0.341951 0.000000	-0.272441 -0.226789 0.000000	
1.059237 -0.114185 0.000000	-0.784620 0.342417 0.000000	-0.274617 -0.228232 0.000000	
1.059619 -0.113208 0.000000	-0.782824 0.342877 0.000000	-0.276795 -0.229669 0.000000	
1.059997 -0.112231 0.000000	-0.781021 0.343332 0.000000	-0.278976 -0.231101 0.000000	
1.060372 -0.111254 0.000000	-0.779213 0.343780 0.000000	-0.281159 -0.232526 0.000000	
1.060743 -0.110277 0.000000	-0.777398 0.344222 0.000000	-0.283344 -0.233946 0.000000	
1.061110 -0.109299 0.000000	-0.775578 0.344658 0.000000	-0.285532 -0.235359 0.000000	
1.061474 -0.108322 0.000000	-0.773751 0.345088 0.000000	-0.287723 -0.236767 0.000000	
1.061835 -0.107344 0.000000	-0.771918 0.345512 0.000000	-0.289916 -0.238168 0.000000	
1.062191 -0.106367 0.000000	-0.770079 0.345930 0.000000	-0.292112 -0.239563 0.000000	
1.062545 -0.105389 0.000000	-0.768234 0.346342 0.000000	-0.294310 -0.240952 0.000000	
1.062894 -0.104412 0.000000	-0.766383 0.346747 0.000000	-0.296511 -0.242335 0.000000	
1.063240 -0.103434 0.000000	-0.764526 0.347146 0.000000	-0.298714 -0.243712 0.000000	
1.063583 -0.102456 0.000000	-0.762663 0.347538 0.000000	-0.300920 -0.245082 0.000000	
1.063922 -0.101478 0.000000	-0.760794 0.347924 0.000000	-0.303128 -0.246446 0.000000	
1.064258 -0.100500 0.000000	-0.758919 0.348304 0.000000	-0.305339 -0.247803 0.000000	
1.064590 -0.099522 0.000000	-0.757038 0.348677 0.000000	-0.307552 -0.249154 0.000000	
1.064918 -0.098544 0.000000	-0.755151 0.349043 0.000000	-0.309767 -0.250499 0.000000	
1.065243 -0.097566 0.000000	-0.753258 0.349403 0.000000	-0.311985 -0.251837 0.000000	
1.065565 -0.096588 0.000000	-0.751360 0.349756 0.000000	-0.314205 -0.253168 0.000000	
1.065883 -0.095610 0.000000	-0.749455 0.350103 0.000000	-0.316428 -0.254493 0.000000	
1.066198 -0.094632 0.000000	-0.747545 0.350443 0.000000	-0.318653 -0.255811 0.000000	
1.066509 -0.093654 0.000000	-0.745629 0.350776 0.000000	-0.320880 -0.257122 0.000000	
1.066817 -0.092676 0.000000	-0.743707 0.351102 0.000000	-0.323110 -0.258426 0.000000	
1.067121 -0.091697 0.000000	-0.741779 0.351421 0.000000	-0.325342 -0.259724 0.000000	
1.067422 -0.090719 0.000000	-0.739846 0.351734 0.000000	-0.327576 -0.261014 0.000000	
1.067719 -0.089741 0.000000	-0.737907 0.352039 0.000000	-0.329813 -0.262298 0.000000	
1.068013 -0.088762 0.000000	-0.735962 0.352337 0.000000	-0.332052 -0.263575 0.000000	
1.068304 -0.087784 0.000000	-0.734011 0.352629 0.000000	-0.334293 -0.264845 0.000000	
1.068591 -0.086806 0.000000	-0.732055 0.352913 0.000000	-0.336536 -0.266107 0.000000	
1.068875 -0.085827 0.000000	-0.730093 0.353190 0.000000	-0.338782 -0.267363 0.000000	
1.069155 -0.084849 0.000000	-0.728126 0.353460 0.000000	-0.341029 -0.268611 0.000000	
1.069432 -0.083870 0.000000	-0.726153 0.353722 0.000000	-0.343279 -0.269852 0.000000	
1.069706 -0.082892 0.000000	-0.724174 0.353977 0.000000	-0.345531 -0.271086 0.000000	
1.069976 -0.081913 0.000000	-0.722190 0.354225 0.000000	-0.347785 -0.272312 0.000000	
1.070243 -0.080935 0.000000	-0.720201 0.354466 0.000000	-0.350042 -0.273531 0.000000	
1.070506 -0.079956 0.000000	-0.718206 0.354699 0.000000	-0.352300 -0.274743 0.000000	
1.070766 -0.078977 0.000000	-0.716206 0.354925 0.000000	-0.354560 -0.275947 0.000000	
1.071023 -0.077999 0.000000	-0.714200 0.355143 0.000000	-0.356823 -0.277144 0.000000	
1.071276 -0.077020 0.000000	-0.712189 0.355354 0.000000	-0.359087 -0.278334 0.000000	
1.071526 -0.076042 0.000000	-0.710172 0.355557 0.000000	-0.361354 -0.279515 0.000000	
1.071773 -0.075063 0.000000	-0.708151 0.355752 0.000000	-0.363622 -0.280689 0.000000	
1.072016 -0.074084 0.000000	-0.706124 0.355940 0.000000	-0.365892 -0.281856 0.000000	
1.072256 -0.073106 0.000000	-0.704092 0.356120 0.000000	-0.368164 -0.283015 0.000000	
1.072493 -0.072127 0.000000	-0.702054 0.356293 0.000000	-0.370438 -0.284166 0.000000	
1.072726 -0.071148 0.000000	-0.700012 0.356457 0.000000	-0.372714 -0.285309 0.000000	
1.072956 -0.070170 0.000000	-0.697964 0.356614 0.000000	-0.374992 -0.286444 0.000000	
1.073183 -0.069191 0.000000	-0.695911 0.356763 0.000000	-0.377271 -0.287572 0.000000	
1.073406 -0.068212 0.000000	-0.693854 0.356903 0.000000	-0.379553 -0.288691 0.000000	
1.073626 -0.067233 0.000000	-0.691791 0.357036 0.000000	-0.381836 -0.289803 0.000000	
1.073843 -0.066255 0.000000	-0.689723 0.357161 0.000000	-0.384120 -0.290907 0.000000	
1.074057 -0.065276 0.000000	-0.687650 0.357278 0.000000	-0.386406 -0.292002 0.000000	
1.074267 -0.064297 0.000000	-0.685573 0.357387 0.000000	-0.388694 -0.293090 0.000000	
1.074474 -0.063319 0.000000	-0.683490 0.357488 0.000000	-0.390984 -0.294169 0.000000	
1.074678 -0.062340 0.000000	-0.681403 0.357580 0.000000	-0.393275 -0.295240 0.000000	
1.074878 -0.061361 0.000000	-0.679311 0.357664 0.000000	-0.395567 -0.296303 0.000000	
1.075075 -0.060382 0.000000	-0.677214 0.357741 0.000000	-0.397861 -0.297358 0.000000	
1.075269 -0.059404 0.000000	-0.675113 0.357808 0.000000	-0.400157 -0.298405 0.000000	
1.075460 -0.058425 0.000000	-0.673006 0.357868 0.000000	-0.402453 -0.299443 0.000000	
1.075647 -0.057446 0.000000	-0.670895 0.357919 0.000000	-0.404752 -0.300473 0.000000	
1.075831 -0.056467 0.000000	-0.668780 0.357962 0.000000	-0.407051 -0.301494 0.000000	
1.076012 -0.055489 0.000000	-0.666660 0.357996 0.000000	-0.409352 -0.302508 0.000000	
1.076190 -0.054510 0.000000	-0.664536 0.358022 0.000000	-0.411654 -0.303512 0.000000	
1.076364 -0.053531 0.000000	-0.662407 0.358040 0.000000	-0.413958 -0.304508 0.000000	
1.076536 -0.052552 0.000000	-0.660273 0.358049 0.000000	-0.416262 -0.305496 0.000000	
1.076703 -0.051574 0.000000	-0.658136 0.358049 0.000000	-0.418568 -0.306475 0.000000	
1.076868 -0.050595 0.000000	-0.655994 0.358041 0.000000	-0.420875 -0.307446 0.000000	
1.077030 -0.049616 0.000000	-0.653847 0.358024 0.000000	-0.423182 -0.308408 0.000000	
1.077188 -0.048638 0.000000	-0.651697 0.357998 0.000000	-0.425491 -0.309361 0.000000	
1.077343 -0.047659 0.000000	-0.649542 0.357964 0.000000	-0.427801 -0.310305 0.000000	
1.077495 -0.046680 0.000000	-0.647383 0.357921 0.000000	-0.430112 -0.311241 0.000000	
1.077644 -0.045701 0.000000	-0.645220 0.357870 0.000000	-0.432424 -0.312168 0.000000	
1.077789 -0.044723 0.000000	-0.643053 0.357809 0.000000	-0.434736 -0.313087 0.000000	
1.077932 -0.043744 0.000000	-0.640882 0.357740 0.000000	-0.437049 -0.313996 0.000000	
1.078071 -0.042765 0.000000	-0.638707 0.357662 0.000000	-0.439363 -0.314897 0.000000	
1.078207 -0.041787 0.000000	-0.636528 0.357575 0.000000	-0.441678 -0.315788 0.000000	
1.078339 -0.040808 0.000000	-0.634346 0.357479 0.000000	-0.443994 -0.316671 0.000000	
1.078469 -0.039829 0.000000	-0.632159 0.357375 0.000000	-0.446310 -0.317545 0.000000	
1.078595 -0.038851 0.000000	-0.629969 0.357261 0.000000	-0.448627 -0.318410 0.000000	
1.078718 -0.037872 0.000000	-0.627775 0.357138 0.000000	-0.450944 -0.319266 0.000000	
1.078838 -0.036893 0.000000	-0.625577 0.357007 0.000000	-0.453261 -0.320113 0.000000	
1.078955 -0.035915 0.000000	-0.623376 0.356866 0.000000	-0.455580 -0.320951 0.000000	
1.079069 -0.034936 0.000000	-0.621171 0.356716 0.000000	-0.457898 -0.321780 0.000000	
1.079179 -0.033957 0.000000	-0.618962 0.356557 0.000000	-0.460217 -0.322600 0.000000	
1.079287 -0.032979 0.000000	-0.616750 0.356389 0.000000	-0.462536 -0.323410 0.000000	
1.079391 -0.032000 0.000000	-0.614535 0.356212 0.000000	-0.464855 -0.324212 0.000000	
1.079492 -0.031022 0.000000	-0.612317 0.356026 0.000000	-0.467175 -0.325004 0.000000	
1.079590 -0.030043 0.000000	-0.610095 0.355831 0.000000	-0.469495 -0.325788 0.000000	
1.079684 -0.029064 0.000000	-0.607870 0.355626 0.000000	-0.471815 -0.326562 0.000000	
1.079776 -0.028086 0.000000	-0.605641 0.355412 0.000000	-0.474135 -0.327326 0.000000	
1.079864 -0.027107 0.000000	-0.603410 0.355189 0.000000	-0.476454 -0.328082 0.000000	
1.079949 -0.026129 0.000000	-0.601175 0.354957 0.000000	-0.478774 -0.328828 0.000000	
1.080031 -0.025150 0.000000	-0.598937 0.354715 0.000000	-0.481094 -0.329565 0.000000	
1.080110 -0.024171 0.000000	-0.596697 0.354464 0.000000	-0.483414 -0.330293 0.000000	
1.080186 -0.023193 0.000000	-0.594453 0.354204 0.000000	-0.485733 -0.331011 0.000000	
1.080259 -0.022214 0.000000	-0.592207 0.353935 0.000000	-0.488052 -0.331720 0.000000	
1.080328 -0.021236 0.000000	-0.589957 0.353656 0.000000	-0.490371 -0.332420 0.000000	
1.080395 -0.020257 0.000000	-0.587705 0.353368 0.000000	-0.492689 -0.333111 0.000000	
1.080458 -0.019278 0.000000	-0.585451 0.353070 0.000000	-0.495007 -0.333792 0.000000	
1.080518 -0.018300 0.000000	-0.583193 0.352763 0.000000	-0.497325 -0.334463 0.000000	
1.080575 -0.017321 0.000000	-0.580933 0.352447 0.000000	-0.499642 -0.335125 0.000000	
1.080629 -0.016343 0.000000	-0.578671 0.352121 0.000000	-0.501958 -0.335778 0.000000	
1.080679 -0.015364 0.000000	-0.576405 0.351786 0.000000	-0.504274 -0.336421 0.000000	
1.080727 -0.014386 0.000000	-0.574138 0.351441 0.000000	-0.506589 -0.337055 0.000000	
1.080771 -0.013407 0.000000	-0.571868 0.351087 0.000000	-0.508903 -0.337680 0.000000	
1.080813 -0.012429 0.000000	-0.569596 0.350723 0.000000	-0.511217 -0.338295 0.000000	
1.080851 -0.011450 0.000000	-0.567321 0.350350 0.000000	-0.513530 -0.338900 0.000000	
1.080886 -0.010472 0.000000	-0.565044 0.349968 0.000000	-0.515841 -0.339496 0.000000	
1.080918 -0.009493 0.000000	-0.562766 0.349576 0.000000	-0.518152 -0.340083 0.000000	
1.080947 -0.008515 0.000000	-0.560485 0.349174 0.000000	-0.520462 -0.340660 0.000000	
1.080972 -0.007536 0.000000	-0.558202 0.348763 0.000000	-0.522771 -0.341227 0.000000	
1.080995 -0.006558 0.000000	-0.555916 0.348343 0.000000	-0.525078 -0.341785 0.000000	
1.081014 -0.005579 0.000000	-0.553629 0.347913 0.000000	-0.527385 -0.342334 0.000000	
1.081031 -0.004601 0.000000	-0.551341 0.347473 0.000000	-0.529690 -0.342873 0.000000	
1.081044 -0.003622 0.000000	-0.549050 0.347024 0.000000	-0.531994 -0.343402 0.000000	
1.081054 -0.002643 0.000000	-0.546757 0.346565 0.000000	-0.534296 -0.343922 0.000000	
1.081061 -0.001665 0.000000	-0.544463 0.346097 0.000000	-0.536598 -0.344432 0.000000	
1.081065 -0.000686 0.000000	-0.542167 0.345620 0.000000	-0.538897 -0.344933 0.000000	
1.081065 0.000292 0.000000	-0.539870 0.345132 0.000000	-0.541195 -0.345424 0.000000	
1.081063 0.001271 0.000000	-0.537571 0.344636 0.000000	-0.543492 -0.345906 0.000000	
1.081057 0.002249 0.000000	-0.535270 0.344129 0.000000	-0.545787 -0.346378 0.000000	
1.081049 0.003228 0.000000	-0.532969 0.343614 0.000000	-0.548080 -0.346841 0.000000	
1.081037 0.004206 0.000000	-0.530665 0.343088 0.000000	-0.550372 -0.347294 0.000000	
1.081022 0.005185 0.000000	-0.528361 0.342553 0.000000	-0.552661 -0.347738 0.000000	
1.081004 0.006163 0.000000	-0.526055 0.342009 0.000000	-0.554949 -0.348172 0.000000	
1.080983 0.007142 0.000000	-0.523748 0.341455 0.000000	-0.557235 -0.348597 0.000000	
1.080958 0.008120 0.000000	-0.521439 0.340892 0.000000	-0.559519 -0.349012 0.000000	
1.080931 0.009099 0.000000	-0.519130 0.340319 0.000000	-0.561801 -0.349418 0.000000	
1.080901 0.010077 0.000000	-0.516820 0.339737 0.000000	-0.564081 -0.349814 0.000000	
1.080867 0.011056 0.000000	-0.514508 0.339145 0.000000	-0.566358 -0.350200 0.000000	
1.080830 0.012034 0.000000	-0.512196 0.338543 0.000000	-0.568634 -0.350578 0.000000	
1.080790 0.013013 0.000000	-0.509883 0.337932 0.000000	-0.570907 -0.350945 0.000000	
1.080747 0.013991 0.000000	-0.507569 0.337312 0.000000	-0.573178 -0.351303 0.000000	
1.080701 0.014970 0.000000	-0.505254 0.336682 0.000000	-0.575447 -0.351652 0.000000	
1.080652 0.015948 0.000000	-0.502939 0.336043 0.000000	-0.577713 -0.351992 0.000000	
1.080599 0.016927 0.000000	-0.500623 0.335395 0.000000	-0.579977 -0.352321 0.000000	
1.080544 0.017905 0.000000	-0.498306 0.334736 0.000000	-0.582238 -0.352642 0.000000	
1.080485 0.018884 0.000000	-0.495989 0.334069 0.000000	-0.584496 -0.352953 0.000000	
1.080423 0.019863 0.000000	-0.493671 0.333392 0.000000	-0.586752 -0.353255 0.000000	
1.080358 0.020841 0.000000	-0.491353 0.332706 0.000000	-0.589006 -0.353547 0.000000	
1.080290 0.021820 0.000000	-0.489034 0.332010 0.000000	-0.591256 -0.353830 0.000000	
1.080219 0.022798 0.000000	-0.486715 0.331305 0.000000	-0.593504 -0.354103 0.000000	
1.080144 0.023777 0.000000	-0.484396 0.330591 0.000000	-0.595749 -0.354368 0.000000	
1.080067 0.024755 0.000000	-0.482076 0.329867 0.000000	-0.597990 -0.354622 0.000000	
1.079986 0.025734 0.000000	-0.479757 0.329134 0.000000	-0.600229 -0.354868 0.000000	
1.079902 0.026713 0.000000	-0.477437 0.328392 0.000000	-0.602465 -0.355104 0.000000	
1.079815 0.027691 0.000000	-0.475117 0.327640 0.000000	-0.604698 -0.355331 0.000000	
1.079725 0.028670 0.000000	-0.472797 0.326879 0.000000	-0.606928 -0.355549 0.000000	
1.079632 0.029648 0.000000	-0.470478 0.326109 0.000000	-0.609155 -0.355758 0.000000	
1.079536 0.030627 0.000000	-0.468158 0.325330 0.000000	-0.611378 -0.355957 0.000000	
1.079436 0.031606 0.000000	-0.465838 0.324542 0.000000	-0.613598 -0.356147 0.000000	
1.079333 0.032584 0.000000	-0.463519 0.323744 0.000000	-0.615815 -0.356329 0.000000	
1.079227 0.033563 0.000000	-0.461199 0.322937 0.000000	-0.618028 -0.356500 0.000000	
1.079118 0.034542 0.000000	-0.458880 0.322122 0.000000	-0.620238 -0.356663 0.000000	
1.079006 0.035520 0.000000	-0.456562 0.321297 0.000000	-0.622444 -0.356817 0.000000	
1.078891 0.036499 0.000000	-0.454244 0.320463 0.000000	-0.624647 -0.356962 0.000000	
1.078772 0.037477 0.000000	-0.451926 0.319620 0.000000	-0.626846 -0.357097 0.000000	
1.078650 0.038456 0.000000	-0.449608 0.318768 0.000000	-0.629042 -0.357224 0.000000	
1.078525 0.039435 0.000000	-0.447291 0.317907 0.000000	-0.631234 -0.357341 0.000000	
1.078397 0.040413 0.000000	-0.444975 0.317036 0.000000	-0.633422 -0.357450 0.000000	
1.078266 0.041392 0.000000	-0.442659 0.316157 0.000000	-0.635607 -0.357550 0.000000	
1.078131 0.042371 0.000000	-0.440344 0.315270 0.000000	-0.637787 -0.357640 0.000000	
1.077994 0.043350 0.000000	-0.438030 0.314373 0.000000	-0.639964 -0.357722 0.000000	
1.077853 0.044328 0.000000	-0.435716 0.313467 0.000000	-0.642137 -0.357795 0.000000	
1.077709 0.045307 0.000000	-0.433404 0.312553 0.000000	-0.644305 -0.357860 0.000000	
1.077562 0.046286 0.000000	-0.431092 0.311629 0.000000	-0.646470 -0.357915 0.000000	
1.077411 0.047264 0.000000	-0.428780 0.310697 0.000000	-0.648631 -0.357962 0.000000	
1.077257 0.048243 0.000000	-0.426470 0.309757 0.000000	-0.650787 -0.358000 0.000000	
1.077101 0.049222 0.000000	-0.424161 0.308807 0.000000	-0.652940 -0.358029 0.000000	
1.076940 0.050200 0.000000	-0.421853 0.307849 0.000000	-0.655088 -0.358050 0.000000	
1.076777 0.051179 0.000000	-0.419546 0.306882 0.000000	-0.657232 -0.358061 0.000000	
1.076611 0.052158 0.000000	-0.417239 0.305907 0.000000	-0.659371 -0.358065 0.000000	
1.076441 0.053137 0.000000	-0.414934 0.304923 0.000000	-0.661506 -0.358060 0.000000	
1.076268 0.054115 0.000000	-0.412631 0.303931 0.000000	-0.663637 -0.358046 0.000000	
1.076092 0.055094 0.000000	-0.410328 0.302930 0.000000	-0.665764 -0.358024 0.000000	
1.075912 0.056073 0.000000	-0.408027 0.301920 0.000000	-0.667886 -0.357993 0.000000	
1.075729 0.057052 0.000000	-0.405727 0.300902 0.000000	-0.670003 -0.357954 0.000000	
1.075544 0.058030 0.000000	-0.403428 0.299876 0.000000	-0.672116 -0.357906 0.000000	
1.075354 0.059009 0.000000	-0.401130 0.298841 0.000000	-0.674224 -0.357850 0.000000	
1.075162 0.059988 0.000000	-0.398834 0.297798 0.000000	-0.676328 -0.357786 0.000000	
1.074966 0.060966 0.000000	-0.396540 0.296747 0.000000	-0.678426 -0.357714 0.000000	
1.074767 0.061945 0.000000	-0.394247 0.295688 0.000000	-0.680521 -0.357633 0.000000	
1.074565 0.062924 0.000000	-0.391955 0.294620 0.000000	-0.682610 -0.357544 0.000000	
1.074359 0.063903 0.000000	-0.389665 0.293544 0.000000	-0.684694 -0.357447 0.000000	
1.074151 0.064881 0.000000	-0.387376 0.292460 0.000000	-0.686774 -0.357342 0.000000	
1.073939 0.065860 0.000000	-0.385090 0.291368 0.000000	-0.688849 -0.357228 0.000000	
1.073723 0.066839 0.000000	-0.382804 0.290268 0.000000	-0.690919 -0.357107 0.000000	
1.073505 0.067818 0.000000	-0.380521 0.289160 0.000000	-0.692984 -0.356977 0.000000	
1.073283 0.068796 0.000000	-0.378239 0.288044 0.000000	-0.695044 -0.356840 0.000000	
1.073057 0.069775 0.000000	-0.375959 0.286920 0.000000	-0.697099 -0.356695 0.000000	
1.072829 0.070754 0.000000	-0.373680 0.285788 0.000000	-0.699149 -0.356541 0.000000	
1.072597 0.071732 0.000000	-0.371404 0.284648 0.000000	-0.701193 -0.356380 0.000000	
1.072362 0.072711 0.000000	-0.369129 0.283500 0.000000	-0.703233 -0.356211 0.000000	
1.072123 0.073690 0.000000	-0.366856 0.282345 0.000000	-0.705267 -0.356035 0.000000	
1.071881 0.074668 0.000000	-0.364585 0.281182 0.000000	-0.707297 -0.355850 0.000000	
1.071636 0.075647 0.000000	-0.362316 0.280011 0.000000	-0.709320 -0.355658 0.000000	
1.071388 0.076626 0.000000	-0.360049 0.278833 0.000000	-0.711339 -0.355458 0.000000	
1.071136 0.077604 0.000000	-0.357783 0.277647 0.000000	-0.713353 -0.355251 0.000000	
1.070881 0.078583 0.000000	-0.355520 0.276453 0.000000	-0.715361 -0.355036 0.000000	
1.070622 0.079561 0.000000	-0.353259 0.275252 0.000000	-0.717363 -0.354814 0.000000	
1.070360 0.080540 0.000000	-0.351000 0.274044 0.000000	-0.719360 -0.354584 0.000000	
1.070095 0.081519 0.000000	-0.348743 0.272828 0.000000	-0.721352 -0.354346 0.000000	
1.069826 0.082497 0.000000	-0.346488 0.271604 0.000000	-0.723339 -0.354102 0.000000	
1.069554 0.083476 0.000000	-0.344235 0.270374 0.000000	-0.725319 -0.353850 0.000000	
1.069279 0.084454 0.000000	-0.341984 0.269136 0.000000	-0.727295 -0.353590 0.000000	
1.069000 0.085433 0.000000	-0.339735 0.267891 0.000000	-0.729265 -0.353323 0.000000	
1.068718 0.086411 0.000000	-0.337489 0.266639 0.000000	-0.731229 -0.353050 0.000000	
1.068432 0.087389 0.000000	-0.335245 0.265379 0.000000	-0.733187 -0.352769 0.000000	
1.068143 0.088368 0.000000	-0.333003 0.264112 0.000000	-0.735140 -0.352480 0.000000	
1.067850 0.089346 0.000000	-0.330763 0.262839 0.000000	-0.737088 -0.352185 0.000000	
1.067555 0.090325 0.000000	-0.328525 0.261558 0.000000	-0.739029 -0.351883 0.000000	
1.067255 0.091303 0.000000	-0.326290 0.260271 0.000000	-0.740965 -0.351574 0.000000	
1.066952 0.092281 0.000000	-0.324057 0.258976 0.000000	-0.742895 -0.351257 0.000000	
1.066646 0.093259 0.000000	-0.321826 0.257675 0.000000	-0.744820 -0.350934 0.000000	
1.066337 0.094238 0.000000	-0.319598 0.256367 0.000000	-0.746739 -0.350604 0.000000	
1.066023 0.095216 0.000000	-0.317372 0.255052 0.000000	-0.748651 -0.350267 0.000000	
1.065707 0.096194 0.000000	-0.315148 0.253730 0.000000	-0.750558 -0.349924 0.000000	
1.065387 0.097172 0.000000	-0.312927 0.252402 0.000000	-0.752460 -0.349574 0.000000	
1.065063 0.098150 0.000000	-0.310708 0.251067 0.000000	-0.754355 -0.349217 0.000000	
1.064736 0.099128 0.000000	-0.308492 0.249725 0.000000	-0.756244 -0.348853 0.000000	
1.064406 0.100106 0.000000	-0.306278 0.248377 0.000000	-0.758128 -0.348483 0.000000	
1.064072 0.101084 0.000000	-0.304066 0.247022 0.000000	-0.760005 -0.348106 0.000000	
1.063734 0.102062 0.000000	-0.301857 0.245661 0.000000	-0.761877 -0.347723 0.000000	
1.063393 0.103039 0.000000	-0.299651 0.244294 0.000000	-0.763743 -0.347333 0.000000	
1.063048 0.104017 0.000000	-0.297446 0.242920 0.000000	-0.765602 -0.346937 0.000000	
1.062700 0.104995 0.000000	-0.295245 0.241540 0.000000	-0.767456 -0.346535 0.000000	
1.062349 0.105973 0.000000	-0.293045 0.240153 0.000000	-0.769303 -0.346126 0.000000	
1.061993 0.106950 0.000000	-0.290848 0.238761 0.000000	-0.771145 -0.345711 0.000000	
1.061635 0.107928 0.000000	-0.288654 0.237362 0.000000	-0.772980 -0.345290 0.000000	
1.061272 0.108905 0.000000	-0.286462 0.235957 0.000000	-0.774810 -0.344862 0.000000	
1.060906 0.109882 0.000000	-0.284273 0.234547 0.000000	-0.776633 -0.344429 0.000000	
1.060537 0.110860 0.000000	-0.282086 0.233130 0.000000	-0.778450 -0.343989 0.000000	
1.060164 0.111837 0.000000	-0.279902 0.231707 0.000000	-0.780262 -0.343544 0.000000	
1.059787 0.112814 0.000000	-0.277721 0.230278 0.000000	-0.782066 -0.343092 0.000000	
1.059407 0.113791 0.000000	-0.275542 0.228844 0.000000	-0.783865 -0.342635 0.000000	
1.059023 0.114768 0.000000	-0.273365 0.227403 0.000000	-0.785658 -0.342171 0.000000	
1.058635 0.115745 0.000000	-0.271191 0.225957 0.000000	-0.787444 -0.341702 0.000000	
1.058244 0.116722 0.000000	-0.269020 0.224505 0.000000	-0.789225 -0.341227 0.000000	
1.057849 0.117698 0.000000	-0.266851 0.223048 0.000000	-0.790999 -0.340746 0.000000	
1.057451 0.118675 0.000000	-0.264684 0.221584 0.000000	-0.792767 -0.340259 0.000000	
1.057049 0.119651 0.000000	-0.262521 0.220116 0.000000	-0.794528 -0.339767 0.000000	
1.056643 0.120628 0.000000	-0.260359 0.218641 0.000000	-0.796284 -0.339269 0.000000	
1.056234 0.121604 0.000000	-0.258201 0.217162 0.000000	-0.798033 -0.338766 0.000000	
1.055821 0.122580 0.000000	-0.256045 0.215677 0.000000	-0.799776 -0.338257 0.000000	
1.055404 0.123556 0.000000	-0.253891 0.214186 0.000000	-0.801512 -0.337742 0.000000	
1.054983 0.124532 0.000000	-0.251740 0.212690 0.000000	-0.803243 -0.337223 0.000000	
1.054559 0.125508 0.000000	-0.249592 0.211189 0.000000	-0.804967 -0.336697 0.000000	
1.054131 0.126484 0.000000	-0.247446 0.209683 0.000000	-0.806685 -0.336167 0.000000	
1.053699 0.127460 0.000000	-0.245303 0.208171 0.000000	-0.808396 -0.335631 0.000000	
1.053264 0.128435 0.000000	-0.243163 0.206654 0.000000	-0.810101 -0.335090 0.000000	
1.052825 0.129411 0.000000	-0.241024 0.205133 0.000000	-0.811800 -0.334543 0.000000	
1.052382 0.130386 0.000000	-0.238889 0.203606 0.000000	-0.813493 -0.333992 0.000000	
1.051935 0.131361 0.000000	-0.236756 0.202074 0.000000	-0.815179 -0.333435 0.000000	
1.051484 0.132336 0.000000	-0.234626 0.200537 0.000000	-0.816859 -0.332873 0.000000	
1.051030 0.133311 0.000000	-0.232498 0.198996 0.000000	-0.818532 -0.332306 0.000000	
1.050572 0.134285 0.000000	-0.230372 0.197449 0.000000	-0.820200 -0.331735 0.000000	
1.050110 0.135260 0.000000	-0.228250 0.195898 0.000000	-0.821861 -0.331158 0.000000	
1.049644 0.136234 0.000000	-0.226129 0.194342 0.000000	-0.823515 -0.330576 0.000000	
1.049175 0.137208 0.000000	-0.224012 0.192781 0.000000	-0.825163 -0.329990 0.000000	
1.048702 0.138182 0.000000	-0.221896 0.191216 0.000000	-0.826805 -0.329398 0.000000	
1.048224 0.139156 0.000000	-0.219784 0.189646 0.000000	-0.828441 -0.328802 0.000000	
1.047743 0.140130 0.000000	-0.217674 0.188071 0.000000	-0.830070 -0.328201 0.000000	
1.047258 0.141103 0.000000	-0.215566 0.186492 0.000000	-0.831692 -0.327596 0.000000	
1.046769 0.142077 0.000000	-0.213461 0.184909 0.000000	-0.833309 -0.326985 0.000000	
1.046277 0.143050 0.000000	-0.211358 0.183321 0.000000	-0.834919 -0.326371 0.000000	
1.045780 0.144023 0.000000	-0.209258 0.181729 0.000000	-0.836522 -0.325751 0.000000	
1.045279 0.144995 0.000000	-0.207160 0.180132 0.000000	-0.838120 -0.325127 0.000000	
1.044775 0.145968 0.000000	-0.205064 0.178531 0.000000	-0.839711 -0.324499 0.000000	
1.044267 0.146940 0.000000	-0.202972 0.176926 0.000000	-0.841295 -0.323866 0.000000	
1.043754 0.147912 0.000000	-0.200881 0.175317 0.000000	-0.842873 -0.323229 0.000000	
1.043238 0.148884 0.000000	-0.198793 0.173703 0.000000	-0.844445 -0.322587 0.000000	
1.042718 0.149856 0.000000	-0.196707 0.172086 0.000000	-0.846010 -0.321942 0.000000	
1.042193 0.150827 0.000000	-0.194624 0.170464 0.000000	-0.847570 -0.321291 0.000000	
1.041665 0.151798 0.000000	-0.192543 0.168839 0.000000	-0.849122 -0.320637 0.000000	
1.041133 0.152769 0.000000	-0.190464 0.167209 0.000000	-0.850669 -0.319979 0.000000	
1.040597 0.153740 0.000000	-0.188388 0.165576 0.000000	-0.852208 -0.319316 0.000000	
1.040056 0.154710 0.000000	-0.186314 0.163939 0.000000	-0.853742 -0.318649 0.000000	
1.039512 0.155681 0.000000	-0.184243 0.162298 0.000000	-0.855269 -0.317978 0.000000	
1.038964 0.156651 0.000000	-0.182174 0.160653 0.000000	-0.856790 -0.317303 0.000000	
1.038411 0.157620 0.000000	-0.180107 0.159004 0.000000	-0.858305 -0.316624 0.000000	
1.037855 0.158590 0.000000	-0.178042 0.157352 0.000000	-0.859813 -0.315942 0.000000	
1.037294 0.159559 0.000000	-0.175980 0.155696 0.000000	-0.861315 -0.315255 0.000000	
1.036730 0.160528 0.000000	-0.173919 0.154037 0.000000	-0.862810 -0.314564 0.000000	
1.036161 0.161496 0.000000	-0.171862 0.152374 0.000000	-0.864300 -0.313870 0.000000	
1.035588 0.162464 0.000000	-0.169806 0.150707 0.000000	-0.865782 -0.313171 0.000000	
1.035011 0.163432 0.000000	-0.167752 0.149037 0.000000	-0.867259 -0.312469 0.000000	
1.034430 0.164400 0.000000	-0.165701 0.147364 0.000000	-0.868729 -0.311764 0.000000	
1.033845 0.165367 0.000000	-0.163652 0.145687 0.000000	-0.870193 -0.311054 0.000000	
1.033255 0.166334 0.000000	-0.161605 0.144007 0.000000	-0.871651 -0.310341 0.000000	
1.032662 0.167301 0.000000	-0.159560 0.142324 0.000000	-0.873102 -0.309625 0.000000	
1.032064 0.168267 0.000000	-0.157517 0.140638 0.000000	-0.874547 -0.308904 0.000000	
1.031462 0.169233 0.000000	-0.155477 0.138948 0.000000	-0.875985 -0.308181 0.000000	
1.030856 0.170198 0.000000	-0.153438 0.137255 0.000000	-0.877418 -0.307454 0.000000	
1.030245 0.171164 0.000000	-0.151401 0.135559 0.000000	-0.878844 -0.306723 0.000000	
1.029631 0.172129 0.000000	-0.149367 0.133860 0.000000	-0.880264 -0.305989 0.000000	
1.029012 0.173093 0.000000	-0.147334 0.132158 0.000000	-0.881677 -0.305251 0.000000	
1.028389 0.174057 0.000000	-0.145304 0.130453 0.000000	-0.883085 -0.304510 0.000000	
1.027761 0.175021 0.000000	-0.143275 0.128745 0.000000	-0.884486 -0.303766 0.000000	
1.027129 0.175984 0.000000	-0.141249 0.127035 0.000000	-0.885881 -0.303019 0.000000	
1.026493 0.176947 0.000000	-0.139224 0.125321 0.000000	-0.887269 -0.302268 0.000000	
1.025853 0.177909 0.000000	-0.137201 0.123605 0.000000	-0.888652 -0.301514 0.000000	
1.025208 0.178871 0.000000	-0.135180 0.121886 0.000000	-0.890028 -0.300757 0.000000	
1.024559 0.179833 0.000000	-0.133162 0.120164 0.000000	-0.891398 -0.299997 0.000000	
1.023906 0.180794 0.000000	-0.131144 0.118440 0.000000	-0.892762 -0.299234 0.000000	
1.023248 0.181755 0.000000	-0.129129 0.116712 0.000000	-0.894119 -0.298467 0.000000	
1.022586 0.182715 0.000000	-0.127116 0.114983 0.000000	-0.895471 -0.297698 0.000000	
1.021920 0.183675 0.000000	-0.125104 0.113251 0.000000	-0.896816 -0.296926 0.000000	
1.021249 0.184634 0.000000	-0.123094 0.111516 0.000000	-0.898155 -0.296150 0.000000	
1.020574 0.185593 0.000000	-0.121086 0.109779 0.000000	-0.899488 -0.295372 0.000000	
1.019894 0.186552 0.000000	-0.119079 0.108039 0.000000	-0.900815 -0.294591 0.000000	
1.019210 0.187509 0.000000	-0.117074 0.106297 0.000000	-0.902135 -0.293807 0.000000	
1.018521 0.188467 0.000000	-0.115071 0.104553 0.000000	-0.903450 -0.293020 0.000000	
1.017828 0.189424 0.000000	-0.113070 0.102807 0.000000	-0.904758 -0.292230 0.000000	
1.017130 0.190380 0.000000	-0.111070 0.101058 0.000000	-0.906061 -0.291438 0.000000	
1.016428 0.191336 0.000000	-0.109071 0.099307 0.000000	-0.907357 -0.290643 0.000000	
1.015722 0.192291 0.000000	-0.107074 0.097554 0.000000	-0.908647 -0.289845 0.000000	
1.015011 0.193245 0.000000	-0.105079 0.095799 0.000000	-0.909931 -0.289044 0.000000	
1.014295 0.194199 0.000000	-0.103085 0.094041 0.000000	-0.911209 -0.288241 0.000000	
1.013575 0.195153 0.000000	-0.101093 0.092282 0.000000	-0.912482 -0.287435 0.000000	
1.012850 0.196106 0.000000	-0.099102 0.090521 0.000000	-0.913748 -0.286626 0.000000	
1.012121 0.197058 0.000000	-0.097113 0.088758 0.000000	-0.915007 -0.285815 0.000000	
1.011387 0.198010 0.000000	-0.095125 0.086992 0.000000	-0.916261 -0.285002 0.000000	
1.010648 0.198961 0.000000	-0.093139 0.085225 0.000000	-0.917509 -0.284186 0.000000	
1.009905 0.199911 0.000000	-0.091154 0.083456 0.000000	-0.918751 -0.283367 0.000000	
1.009157 0.200861 0.000000	-0.089170 0.081686 0.000000	-0.919987 -0.282546 0.000000	
1.008405 0.201810 0.000000	-0.087187 0.079913 0.000000	-0.921218 -0.281723 0.000000	
1.007648 0.202758 0.000000	-0.085206 0.078139 0.000000	-0.922442 -0.280897 0.000000	
1.006886 0.203706 0.000000	-0.083226 0.076363 0.000000	-0.923660 -0.280069 0.000000	
1.006119 0.204653 0.000000	-0.081247 0.074586 0.000000	-0.924872 -0.279239 0.000000	
1.005348 0.205599 0.000000	-0.079270 0.072807 0.000000	-0.926079 -0.278406 0.000000	
1.004572 0.206545 0.000000	-0.077293 0.071026 0.000000	-0.927279 -0.277571 0.000000	
1.003792 0.207490 0.000000	-0.075318 0.069244 0.000000	-0.928474 -0.276734 0.000000	
1.003006 0.208434 0.000000	-0.073344 0.067460 0.000000	-0.929662 -0.275895 0.000000	
1.002216 0.209378 0.000000	-0.071371 0.065675 0.000000	-0.930845 -0.275053 0.000000	
1.001421 0.210320 0.000000	-0.069399 0.063889 0.000000	-0.932022 -0.274209 0.000000	
1.000621 0.211262 0.000000	-0.067428 0.062101 0.000000	-0.933193 -0.273363 0.000000	
0.999817 0.212203 0.000000	-0.065458 0.060312 0.000000	-0.934359 -0.272515 0.000000	
0.999008 0.213143 0.000000	-0.063489 0.058522 0.000000	-0.935518 -0.271665 0.000000	
0.998193 0.214083 0.000000	-0.061521 0.056730 0.000000	-0.936672 -0.270813 0.000000	
0.997374 0.215022 0.000000	-0.059554 0.054937 0.000000	-0.937820 -0.269959 0.000000	
0.996551 0.215959 0.000000	-0.057588 0.053143 0.000000	-0.938962 -0.269103 0.000000	
0.995722 0.216896 0.000000	-0.055623 0.051348 0.000000	-0.940099 -0.268244 0.000000	
0.994888 0.217832 0.000000	-0.053658 0.049552 0.000000	-0.941230 -0.267384 0.000000	
0.994049 0.218768 0.000000	-0.051695 0.047755 0.000000	-0.942355 -0.266522 0.000000	
0.993206 0.219702 0.000000	-0.049732 0.045957 0.000000	-0.943474 -0.265658 0.000000	
0.992358 0.220635 0.000000	-0.047770 0.044157 0.000000	-0.944588 -0.264793 0.000000	
0.991504 0.221568 0.000000	-0.045808 0.042357 0.000000	-0.945696 -0.263925 0.000000	
0.990646 0.222499 0.000000	-0.043848 0.040556 0.000000	-0.946798 -0.263055 0.000000	
0.989782 0.223430 0.000000	-0.041888 0.038754 0.000000	-0.947895 -0.262184 0.000000	
0.988914 0.224359 0.000000	-0.039928 0.036952 0.000000	-0.948986 -0.261311 0.000000	
0.988041 0.225288 0.000000	-0.037970 0.035148 0.000000	-0.950071 -0.260436 0.000000	
0.987162 0.226215 0.000000	-0.036011 0.033344 0.000000	-0.951151 -0.259559 0.000000	
0.986279 0.227142 0.000000	-0.034054 0.031539 0.000000	-0.952225 -0.258681 0.000000	
0.985391 0.228068 0.000000	-0.032097 0.029734 0.000000	-0.953294 -0.257801 0.000000	
0.984497 0.228992 0.000000	-0.030140 0.027927 0.000000	-0.954357 -0.256919 0.000000	
0.983598 0.229915 0.000000	-0.028184 0.026121 0.000000	-0.955415 -0.256036 0.000000	
0.982695 0.230838 0.000000	-0.026228 0.024313 0.000000	-0.956467 -0.255151 0.000000	
0.981786 0.231759 0.000000	-0.024273 0.022505 0.000000	-0.957513 -0.254265 0.000000	
0.980872 0.232679 0.000000	-0.022318 0.020697 0.000000	-0.958554 -0.253376 0.000000	
0.979953 0.233598 0.000000	-0.020363 0.018888 0.000000	-0.959590 -0.252487 0.000000	
0.979028 0.234516 0.000000	-0.018409 0.017079 0.000000	-0.960620 -0.251595 0.000000	
0.978099 0.235433 0.000000	-0.016455 0.015270 0.000000	-0.961644 -0.250703 0.000000	
0.977164 0.236348 0.000000	-0.014501 0.013460 0.000000	-0.962663 -0.249808 0.000000	
0.976224 0.237263 0.000000	-0.012547 0.011650 0.000000	-0.963677 -0.248913 0.000000	
0.975279 0.238176 0.000000	-0.010594 0.009840 0.000000	-0.964685 -0.248015 0.000000	
0.974329 0.239088 0.000000	-0.008641 0.008029 0.000000	-0.965688 -0.247117 0.000000	
0.973373 0.239998 0.000000	-0.006688 0.006219 0.000000	-0.966686 -0.246217 0.000000	
0.972413 0.240908 0.000000	-0.004735 0.004408 0.000000	-0.967678 -0.245315 0.000000	
0.971446 0.241816 0.000000	-0.002782 0.002597 0.000000	-0.968665 -0.244412 0.000000	
0.970475 0.242722 0.000000	-0.000829 0.000786 0.000000	-0.969646 -0.243508 0.000000	
0.969498 0.243628 0.000000	0.001124 -0.001025 0.000000	-0.970622 -0.242603 0.000000	
0.968516 0.244532 0.000000	0.003077 -0.002836 0.000000	-0.971593 -0.241696 0.000000	
0.967529 0.245435 0.000000	0.005030 -0.004647 0.000000	-0.972559 -0.240788 0.000000	
0.966536 0.246336 0.000000	0.006983 -0.006458 0.000000	-0.973519 -0.239878 0.000000	
0.965538 0.247236 0.000000	0.008936 -0.008268 0.000000	-0.974474 -0.238968 0.000000	
0.964534 0.248134 0.000000	0.010889 -0.010079 0.000000	-0.975423 -0.238056 0.000000	
0.963526 0.249032 0.000000	0.012842 -0.011889 0.000000	-0.976368 -0.237142 0.000000	
0.962511 0.249927 0.000000	0.014796 -0.013699 0.000000	-0.977307 -0.236228 0.000000	
0.961491 0.250821 0.000000	0.016750 -0.015509 0.000000	-0.978241 -0.235312 0.000000	
0.960466 0.251714 0.000000	0.018704 -0.017318 0.000000	-0.979170 -0.234396 0.000000	
0.959436 0.252605 0.000000	0.020658 -0.019127 0.000000	-0.980094 -0.233478 0.000000	
0.958399 0.253495 0.000000	0.022613 -0.020936 0.000000	-0.981012 -0.232559 0.000000	
0.957358 0.254383 0.000000	0.024568 -0.022744 0.000000	-0.981926 -0.231638 0.000000	
0.956311 0.255269 0.000000	0.026523 -0.024552 0.000000	-0.982834 -0.230717 0.000000	
0.955258 0.256154 0.000000	0.028479 -0.026359 0.000000	-0.983737 -0.229795 0.000000	
0.954200 0.257037 0.000000	0.030435 -0.028166 0.000000	-0.984635 -0.228871 0.000000	
0.953136 0.257919 0.000000	0.032392 -0.029972 0.000000	-0.985528 -0.227947 0.000000	
0.952067 0.258798 0.000000	0.034349 -0.031778 0.000000	-0.986416 -0.227021 0.000000	
0.950992 0.259677 0.000000	0.036307 -0.033582 0.000000	-0.987299 -0.226094 0.000000	
0.949911 0.260553 0.000000	0.038265 -0.035386 0.000000	-0.988177 -0.225167 0.000000	
0.948825 0.261428 0.000000	0.040224 -0.037190 0.000000	-0.989050 -0.224238 0.000000	
0.947734 0.262301 0.000000	0.042184 -0.038992 0.000000	-0.989917 -0.223308 0.000000	
0.946636 0.263172 0.000000	0.044144 -0.040794 0.000000	-0.990780 -0.222378 0.000000	
0.945533 0.264041 0.000000	0.046105 -0.042595 0.000000	-0.991638 -0.221446 0.000000	
0.944425 0.264909 0.000000	0.048066 -0.044395 0.000000	-0.992491 -0.220514 0.000000	
0.943310 0.265774 0.000000	0.050028 -0.046194 0.000000	-0.993339 -0.219580 0.000000	
0.942190 0.266638 0.000000	0.051991 -0.047992 0.000000	-0.994182 -0.218646 0.000000	
0.941064 0.267500 0.000000	0.053955 -0.049789 0.000000	-0.995020 -0.217711 0.000000	
0.939933 0.268360 0.000000	0.055920 -0.051585 0.000000	-0.995853 -0.216775 0.000000	
0.938796 0.269218 0.000000	0.057885 -0.053380 0.000000	-0.996681 -0.215838 0.000000	
0.937653 0.270074 0.000000	0.059851 -0.055174 0.000000	-0.997504 -0.214900 0.000000	
0.936504 0.270928 0.000000	0.061819 -0.056967 0.000000	-0.998323 -0.213961 0.000000	
0.935350 0.271780 0.000000	0.063787 -0.058758 0.000000	-0.999136 -0.213022 0.000000	
0.934189 0.272630 0.000000	0.065756 -0.060548 0.000000	-0.999945 -0.212081 0.000000	
0.933023 0.273478 0.000000	0.067726 -0.062337 0.000000	-1.000749 -0.211140 0.000000	
0.931851 0.274323 0.000000	0.069697 -0.064125 0.000000	-1.001548 -0.210198 0.000000	
0.930674 0.275167 0.000000	0.071669 -0.065911 0.000000	-1.002343 -0.209256 0.000000	
0.929490 0.276008 0.000000	0.073642 -0.067696 0.000000	-1.003132 -0.208312 0.000000	
0.928301 0.276847 0.000000	0.075617 -0.069479 0.000000	-1.003917 -0.207368 0.000000	
0.927105 0.277684 0.000000	0.077592 -0.071261 0.000000	-1.004697 -0.206423 0.000000	
0.925904 0.278519 0.000000	0.079569 -0.073042 0.000000	-1.005473 -0.205478 0.000000	
0.924697 0.279352 0.000000	0.081546 -0.074820 0.000000	-1.006243 -0.204531 0.000000	
0.923484 0.280182 0.000000	0.083525 -0.076598 0.000000	-1.007009 -0.203584 0.000000	
0.922265 0.281010 0.000000	0.085505 -0.078373 0.000000	-1.007771 -0.202636 0.000000	
0.921040 0.281835 0.000000	0.087487 -0.080147 0.000000	-1.008527 -0.201688 0.000000	
0.919810 0.282658 0.000000	0.089470 -0.081919 0.000000	-1.009279 -0.200739 0.000000	
0.918573 0.283479 0.000000	0.091454 -0.083690 0.000000	-1.010027 -0.199789 0.000000	
0.917330 0.284297 0.000000	0.093439 -0.085458 0.000000	-1.010769 -0.198839 0.000000	
0.916081 0.285113 0.000000	0.095426 -0.087225 0.000000	-1.011507 -0.197888 0.000000	
0.914827 0.285926 0.000000	0.097414 -0.088990 0.000000	-1.012241 -0.196936 0.000000	
0.913566 0.286737 0.000000	0.099404 -0.090753 0.000000	-1.012970 -0.195984 0.000000	
0.912299 0.287545 0.000000	0.101395 -0.092514 0.000000	-1.013694 -0.195031 0.000000	
0.911026 0.288351 0.000000	0.103387 -0.094273 0.000000	-1.014413 -0.194077 0.000000	
0.909748 0.289154 0.000000	0.105381 -0.096030 0.000000	-1.015129 -0.193123 0.000000	
0.908463 0.289954 0.000000	0.107376 -0.097785 0.000000	-1.015839 -0.192169 0.000000	
0.907172 0.290752 0.000000	0.109373 -0.099538 0.000000	-1.016545 -0.191214 0.000000	
0.905875 0.291546 0.000000	0.111372 -0.101289 0.000000	-1.017247 -0.190258 0.000000	
0.904572 0.292339 0.000000	0.113372 -0.103037 0.000000	-1.017944 -0.189302 0.000000	
0.903263 0.293128 0.000000	0.115374 -0.104783 0.000000	-1.018637 -0.188345 0.000000	
0.901947 0.293915 0.000000	0.117378 -0.106527 0.000000	-1.019325 -0.187387 0.000000	
0.900626 0.294698 0.000000	0.119383 -0.108269 0.000000	-1.020009 -0.186430 0.000000	
0.899298 0.295479 0.000000	0.121389 -0.110008 0.000000	-1.020688 -0.185471 0.000000	
0.897965 0.296257 0.000000	0.123398 -0.111745 0.000000	-1.021363 -0.184512 0.000000	
0.896625 0.297032 0.000000	0.125408 -0.113479 0.000000	-1.022033 -0.183553 0.000000	
0.895279 0.297804 0.000000	0.127420 -0.115211 0.000000	-1.022699 -0.182593 0.000000	
0.893927 0.298573 0.000000	0.129434 -0.116940 0.000000	-1.023361 -0.181633 0.000000	
0.892568 0.299339 0.000000	0.131450 -0.118667 0.000000	-1.024018 -0.180672 0.000000	
0.891204 0.300102 0.000000	0.133467 -0.120391 0.000000	-1.024671 -0.179711 0.000000	
0.889833 0.300862 0.000000	0.135486 -0.122112 0.000000	-1.025319 -0.178750 0.000000	
0.888456 0.301619 0.000000	0.137508 -0.123831 0.000000	-1.025964 -0.177788 0.000000	
0.887073 0.302372 0.000000	0.139531 -0.125547 0.000000	-1.026603 -0.176825 0.000000	
0.885684 0.303122 0.000000	0.141556 -0.127260 0.000000	-1.027239 -0.175862 0.000000	
0.884288 0.303869 0.000000	0.143582 -0.128970 0.000000	-1.027870 -0.174899 0.000000	
0.882886 0.304613 0.000000	0.145611 -0.130678 0.000000	-1.028497 -0.173935 0.000000	
0.881478 0.305354 0.000000	0.147642 -0.132382 0.000000	-1.029120 -0.172971 0.000000	
0.880064 0.306091 0.000000	0.149675 -0.134084 0.000000	-1.029739 -0.172007 0.000000	
0.878643 0.306824 0.000000	0.151710 -0.135782 0.000000	-1.030353 -0.171042 0.000000	
0.877216 0.307555 0.000000	0.153747 -0.137478 0.000000	-1.030963 -0.170077 0.000000	
0.875783 0.308282 0.000000	0.155786 -0.139170 0.000000	-1.031568 -0.169111 0.000000	
0.874343 0.309005 0.000000	0.157827 -0.140859 0.000000	-1.032170 -0.168146 0.000000	
0.872898 0.309725 0.000000	0.159870 -0.142545 0.000000	-1.032767 -0.167179 0.000000	
0.871446 0.310441 0.000000	0.161915 -0.144228 0.000000	-1.033361 -0.166213 0.000000	
0.869987 0.311153 0.000000	0.163962 -0.145908 0.000000	-1.033950 -0.165246 0.000000	
0.868523 0.311862 0.000000	0.166012 -0.147584 0.000000	-1.034534 -0.164279 0.000000	
0.867052 0.312568 0.000000	0.168064 -0.149257 0.000000	-1.035115 -0.163311 0.000000	
0.865574 0.313269 0.000000	0.170117 -0.150926 0.000000	-1.035692 -0.162343 0.000000	
0.864091 0.313967 0.000000	0.172173 -0.152592 0.000000	-1.036264 -0.161375 0.000000	
0.862601 0.314661 0.000000	0.174232 -0.154255 0.000000	-1.036832 -0.160406 0.000000	
0.861104 0.315351 0.000000	0.176292 -0.155914 0.000000	-1.037397 -0.159438 0.000000	
0.859602 0.316037 0.000000	0.178355 -0.157569 0.000000	-1.037957 -0.158469 0.000000	
0.858093 0.316720 0.000000	0.180420 -0.159221 0.000000	-1.038513 -0.157499 0.000000	
0.856577 0.317398 0.000000	0.182487 -0.160869 0.000000	-1.039065 -0.156530 0.000000	
0.855056 0.318073 0.000000	0.184557 -0.162513 0.000000	-1.039613 -0.155560 0.000000	
0.853528 0.318743 0.000000	0.186629 -0.164153 0.000000	-1.040157 -0.154590 0.000000	
0.851993 0.319409 0.000000	0.188703 -0.165790 0.000000	-1.040696 -0.153619 0.000000	
0.850453 0.320072 0.000000	0.190780 -0.167423 0.000000	-1.041232 -0.152649 0.000000	
0.848905 0.320730 0.000000	0.192859 -0.169052 0.000000	-1.041764 -0.151678 0.000000	
0.847352 0.321383 0.000000	0.194940 -0.170677 0.000000	-1.042292 -0.150706 0.000000	
0.845792 0.322033 0.000000	0.197024 -0.172298 0.000000	-1.042816 -0.149735 0.000000	
0.844226 0.322678 0.000000	0.199110 -0.173915 0.000000	-1.043336 -0.148764 0.000000	
0.842653 0.323319 0.000000	0.201198 -0.175528 0.000000	-1.043852 -0.147792 0.000000	
0.841074 0.323956 0.000000	0.203289 -0.177136 0.000000	-1.044364 -0.146820 0.000000	
0.839489 0.324588 0.000000	0.205383 -0.178741 0.000000	-1.044872 -0.145847 0.000000	
0.837897 0.325216 0.000000	0.207478 -0.180341 0.000000	-1.045376 -0.144875 0.000000	
0.836299 0.325839 0.000000	0.209577 -0.181937 0.000000	-1.045876 -0.143902 0.000000	
0.834695 0.326458 0.000000	0.211677 -0.183529 0.000000	-1.046372 -0.142929 0.000000	
0.833084 0.327072 0.000000	0.213780 -0.185116 0.000000	-1.046864 -0.141956 0.000000	
0.831467 0.327682 0.000000	0.215886 -0.186699 0.000000	-1.047353 -0.140983 0.000000	
0.829843 0.328287 0.000000	0.217994 -0.188277 0.000000	-1.047837 -0.140010 0.000000	
0.828213 0.328887 0.000000	0.220105 -0.189851 0.000000	-1.048318 -0.139036 0.000000	
0.826577 0.329483 0.000000	0.222218 -0.191421 0.000000	-1.048795 -0.138062 0.000000	
0.824934 0.330074 0.000000	0.224334 -0.192985 0.000000	-1.049268 -0.137088 0.000000	
0.823286 0.330659 0.000000	0.226452 -0.194545 0.000000	-1.049737 -0.136114 0.000000	
0.821630 0.331241 0.000000	0.228572 -0.196101 0.000000	-1.050203 -0.135140 0.000000	
0.819969 0.331817 0.000000	0.230696 -0.197651 0.000000	-1.050664 -0.134165 0.000000	
0.818300 0.332388 0.000000	0.232821 -0.199197 0.000000	-1.051122 -0.133191 0.000000	
0.816626 0.332954 0.000000	0.234950 -0.200738 0.000000	-1.051576 -0.132216 0.000000	
0.814945 0.333515 0.000000	0.237080 -0.202274 0.000000	-1.052026 -0.131241 0.000000	
0.813258 0.334071 0.000000	0.239214 -0.203805 0.000000	-1.052472 -0.130266 0.000000	
0.811565 0.334622 0.000000	0.241350 -0.205331 0.000000	-1.052915 -0.129291 0.000000	
0.809865 0.335168 0.000000	0.243488 -0.206852 0.000000	-1.053354 -0.128316 0.000000	
0.808159 0.335708 0.000000	0.245629 -0.208368 0.000000	-1.053789 -0.127340 0.000000	
0.806447 0.336244 0.000000	0.247773 -0.209879 0.000000	-1.054220 -0.126365 0.000000	
0.804729 0.336774 0.000000	0.249919 -0.211384 0.000000	-1.054648 -0.125389 0.000000	
0.803004 0.337298 0.000000	0.252068 -0.212885 0.000000	-1.055072 -0.124413 0.000000	
0.801273 0.337817 0.000000	0.254219 -0.214380 0.000000	-1.055492 -0.123437 0.000000	
0.799535 0.338331 0.000000	0.256373 -0.215870 0.000000	-1.055908 -0.122461 0.000000	
0.797791 0.338839 0.000000	0.258530 -0.217354 0.000000	-1.056321 -0.121485 0.000000	
0.796041 0.339342 0.000000	0.260689 -0.218833 0.000000	-1.056730 -0.120509 0.000000	
0.794285 0.339839 0.000000	0.262850 -0.220307 0.000000	-1.057136 -0.119533 0.000000	
0.792523 0.340331 0.000000	0.265014 -0.221774 0.000000	-1.057537 -0.118556 0.000000	
0.790754 0.340816 0.000000	0.267181 -0.223237 0.000000	-1.057935 -0.117580 0.000000	
0.788979 0.341297 0.000000	0.269351 -0.224694 0.000000	-1.058330 -0.116603 0.000000	
0.787198 0.341771 0.000000	0.271522 -0.226145 0.000000	-1.058721 -0.115626 0.000000	
0.785411 0.342239 0.000000	0.273697 -0.227590 0.000000	-1.059108 -0.114649 0.000000	
0.783618 0.342702 0.000000	0.275874 -0.229030 0.000000	-1.059491 -0.113673 0.000000	
0.781818 0.343159 0.000000	0.278053 -0.230463 0.000000	-1.059871 -0.112696 0.000000	
0.780012 0.343610 0.000000	0.280235 -0.231891 0.000000	-1.060248 -0.111718 0.000000	
0.778200 0.344054 0.000000	0.282420 -0.233313 0.000000	-1.060620 -0.110741 0.000000	
0.776382 0.344493 0.000000	0.284607 -0.234729 0.000000	-1.060990 -0.109764 0.000000	
0.774558 0.344926 0.000000	0.286797 -0.236139 0.000000	-1.061355 -0.108787 0.000000	
0.772728 0.345353 0.000000	0.288989 -0.237543 0.000000	-1.061717 -0.107809 0.000000	
0.770892 0.345773 0.000000	0.291184 -0.238941 0.000000	-1.062076 -0.106832 0.000000	
0.769050 0.346187 0.000000	0.293381 -0.240332 0.000000	-1.062431 -0.105855 0.000000	
0.767201 0.346595 0.000000	0.295581 -0.241718 0.000000	-1.062782 -0.104877 0.000000	
0.765347 0.346997 0.000000	0.297783 -0.243097 0.000000	-1.063130 -0.103899 0.000000	
0.763486 0.347392 0.000000	0.299988 -0.244470 0.000000	-1.063474 -0.102922 0.000000	
0.761620 0.347781 0.000000	0.302195 -0.245837 0.000000	-1.063815 -0.101944 0.000000	
0.759748 0.348163 0.000000	0.304404 -0.247197 0.000000	-1.064152 -0.100966 0.000000	
0.757869 0.348539 0.000000	0.306616 -0.248550 0.000000	-1.064486 -0.099988 0.000000	
0.755985 0.348908 0.000000	0.308831 -0.249898 0.000000	-1.064816 -0.099011 0.000000	
0.754095 0.349271 0.000000	0.311048 -0.251238 0.000000	-1.065143 -0.098033 0.000000	
0.752199 0.349627 0.000000	0.313267 -0.252572 0.000000	-1.065466 -0.097055 0.000000	
0.750297 0.349976 0.000000	0.315488 -0.253900 0.000000	-1.065786 -0.096077 0.000000	
0.748389 0.350319 0.000000	0.317713 -0.255220 0.000000	-1.066102 -0.095099 0.000000	
0.746476 0.350655 0.000000	0.319939 -0.256534 0.000000	-1.066415 -0.094121 0.000000	
0.744556 0.350984 0.000000	0.322168 -0.257842 0.000000	-1.066724 -0.093142 0.000000	
0.742631 0.351306 0.000000	0.324399 -0.259142 0.000000	-1.067030 -0.092164 0.000000	
0.740700 0.351622 0.000000	0.326632 -0.260436 0.000000	-1.067332 -0.091186 0.000000	
0.738764 0.351930 0.000000	0.328868 -0.261722 0.000000	-1.067631 -0.090208 0.000000	
0.736821 0.352231 0.000000	0.331106 -0.263002 0.000000	-1.067927 -0.089230 0.000000	
0.734873 0.352526 0.000000	0.333346 -0.264274 0.000000	-1.068219 -0.088251 0.000000	
0.732920 0.352813 0.000000	0.335588 -0.265540 0.000000	-1.068508 -0.087273 0.000000	
0.730960 0.353093 0.000000	0.337833 -0.266798 0.000000	-1.068793 -0.086295 0.000000	
0.728995 0.353366 0.000000	0.340080 -0.268050 0.000000	-1.069075 -0.085316 0.000000	
0.727025 0.353631 0.000000	0.342329 -0.269294 0.000000	-1.069354 -0.084338 0.000000	
0.725049 0.353890 0.000000	0.344580 -0.270531 0.000000	-1.069629 -0.083359 0.000000	
0.723067 0.354141 0.000000	0.346833 -0.271760 0.000000	-1.069901 -0.082381 0.000000	
0.721080 0.354385 0.000000	0.349089 -0.272982 0.000000	-1.070169 -0.081402 0.000000	
0.719088 0.354621 0.000000	0.351346 -0.274197 0.000000	-1.070434 -0.080424 0.000000	
0.717090 0.354850 0.000000	0.353606 -0.275405 0.000000	-1.070696 -0.079445 0.000000	
0.715087 0.355071 0.000000	0.355867 -0.276605 0.000000	-1.070954 -0.078467 0.000000	
0.713078 0.355285 0.000000	0.358131 -0.277797 0.000000	-1.071209 -0.077488 0.000000	
0.711064 0.355492 0.000000	0.360397 -0.278982 0.000000	-1.071460 -0.076510 0.000000	
0.709045 0.355690 0.000000	0.362664 -0.280159 0.000000	-1.071709 -0.075531 0.000000	
0.707020 0.355882 0.000000	0.364934 -0.281329 0.000000	-1.071953 -0.074553 0.000000	
0.704990 0.356065 0.000000	0.367205 -0.282491 0.000000	-1.072195 -0.073574 0.000000	
0.702955 0.356241 0.000000	0.369478 -0.283645 0.000000	-1.072433 -0.072596 0.000000	
0.700915 0.356408 0.000000	0.371753 -0.284791 0.000000	-1.072668 -0.071617 0.000000	
0.698869 0.356568 0.000000	0.374030 -0.285930 0.000000	-1.072900 -0.070638 0.000000	
0.696819 0.356721 0.000000	0.376309 -0.287061 0.000000	-1.073128 -0.069660 0.000000	
0.694763 0.356865 0.000000	0.378590 -0.288184 0.000000	-1.073353 -0.068681 0.000000	
0.692703 0.357001 0.000000	0.380872 -0.289299 0.000000	-1.073575 -0.067702 0.000000	
0.690637 0.357130 0.000000	0.383156 -0.290406 0.000000	-1.073793 -0.066724 0.000000	
0.688567 0.357250 0.000000	0.385441 -0.291505 0.000000	-1.074008 -0.065745 0.000000	
0.686491 0.357362 0.000000	0.387729 -0.292596 0.000000	-1.074220 -0.064766 0.000000	
0.684411 0.357466 0.000000	0.390017 -0.293678 0.000000	-1.074428 -0.063788 0.000000	
0.682326 0.357562 0.000000	0.392308 -0.294753 0.000000	-1.074634 -0.062809 0.000000	
0.680236 0.357650 0.000000	0.394600 -0.295820 0.000000	-1.074836 -0.061831 0.000000	
0.678141 0.357730 0.000000	0.396893 -0.296878 0.000000	-1.075034 -0.060852 0.000000	
0.676042 0.357801 0.000000	0.399188 -0.297928 0.000000	-1.075230 -0.059873 0.000000	
0.673938 0.357864 0.000000	0.401484 -0.298970 0.000000	-1.075422 -0.058895 0.000000	
0.671829 0.357919 0.000000	0.403782 -0.300003 0.000000	-1.075611 -0.057916 0.000000	
0.669715 0.357965 0.000000	0.406081 -0.301028 0.000000	-1.075797 -0.056937 0.000000	
0.667597 0.358003 0.000000	0.408381 -0.302045 0.000000	-1.075979 -0.055959 0.000000	
0.665475 0.358033 0.000000	0.410683 -0.303053 0.000000	-1.076158 -0.054980 0.000000	
0.663348 0.358054 0.000000	0.412986 -0.304053 0.000000	-1.076334 -0.054001 0.000000	
0.661217 0.358067 0.000000	0.415290 -0.305044 0.000000	-1.076507 -0.053023 0.000000	
0.659081 0.358071 0.000000	0.417595 -0.306027 0.000000	-1.076676 -0.052044 0.000000	
0.656941 0.358066 0.000000	0.419902 -0.307001 0.000000	-1.076843 -0.051065 0.000000	
0.654796 0.358053 0.000000	0.422209 -0.307966 0.000000	-1.077006 -0.050087 0.000000	
0.652648 0.358031 0.000000	0.424518 -0.308923 0.000000	-1.077165 -0.049108 0.000000	
0.650495 0.358001 0.000000	0.426827 -0.309871 0.000000	-1.077322 -0.048129 0.000000	
0.648338 0.357962 0.000000	0.429138 -0.310811 0.000000	-1.077475 -0.047151 0.000000	
0.646177 0.357914 0.000000	0.431449 -0.311742 0.000000	-1.077626 -0.046172 0.000000	
0.644012 0.357857 0.000000	0.433761 -0.312664 0.000000	-1.077773 -0.045193 0.000000	
0.641842 0.357792 0.000000	0.436074 -0.313577 0.000000	-1.077916 -0.044215 0.000000	
0.639669 0.357717 0.000000	0.438388 -0.314481 0.000000	-1.078057 -0.043236 0.000000	
0.637492 0.357634 0.000000	0.440703 -0.315377 0.000000	-1.078195 -0.042258 0.000000	
0.635311 0.357542 0.000000	0.443018 -0.316263 0.000000	-1.078329 -0.041279 0.000000	
0.633126 0.357441 0.000000	0.445334 -0.317141 0.000000	-1.078460 -0.040300 0.000000	
0.630938 0.357331 0.000000	0.447650 -0.318010 0.000000	-1.078588 -0.039322 0.000000	
0.628745 0.357213 0.000000	0.449967 -0.318869 0.000000	-1.078712 -0.038343 0.000000	
0.626549 0.357085 0.000000	0.452285 -0.319720 0.000000	-1.078834 -0.037365 0.000000	
0.624349 0.356948 0.000000	0.454603 -0.320562 0.000000	-1.078952 -0.036386 0.000000	
0.622146 0.356802 0.000000	0.456921 -0.321395 0.000000	-1.079067 -0.035407 0.000000	
0.619939 0.356647 0.000000	0.459240 -0.322218 0.000000	-1.079179 -0.034429 0.000000	
0.617729 0.356483 0.000000	0.461559 -0.323033 0.000000	-1.079288 -0.033450 0.000000	
0.615515 0.356310 0.000000	0.463878 -0.323838 0.000000	-1.079394 -0.032472 0.000000	
0.613298 0.356128 0.000000	0.466198 -0.324634 0.000000	-1.079496 -0.031493 0.000000	
0.611078 0.355936 0.000000	0.468518 -0.325421 0.000000	-1.079596 -0.030515 0.000000	
0.608854 0.355735 0.000000	0.470838 -0.326199 0.000000	-1.079692 -0.029536 0.000000	
0.606627 0.355526 0.000000	0.473158 -0.326968 0.000000	-1.079785 -0.028558 0.000000	
0.604397 0.355306 0.000000	0.475478 -0.327727 0.000000	-1.079875 -0.027579 0.000000	
0.602164 0.355078 0.000000	0.477797 -0.328478 0.000000	-1.079961 -0.026601 0.000000	
0.599928 0.354841 0.000000	0.480117 -0.329219 0.000000	-1.080045 -0.025622 0.000000	
0.597688 0.354594 0.000000	0.482437 -0.329950 0.000000	-1.080125 -0.024644 0.000000	
0.595446 0.354337 0.000000	0.484757 -0.330672 0.000000	-1.080203 -0.023665 0.000000	
0.593201 0.354072 0.000000	0.487076 -0.331385 0.000000	-1.080277 -0.022686 0.000000	
0.590953 0.353797 0.000000	0.489395 -0.332089 0.000000	-1.080348 -0.021708 0.000000	
0.588702 0.353513 0.000000	0.491714 -0.332783 0.000000	-1.080416 -0.020729 0.000000	
0.586449 0.353219 0.000000	0.494032 -0.333468 0.000000	-1.080480 -0.019751 0.000000	
0.584192 0.352916 0.000000	0.496350 -0.334144 0.000000	-1.080542 -0.018773 0.000000	
0.581934 0.352604 0.000000	0.498667 -0.334810 0.000000	-1.080600 -0.017794 0.000000	
0.579672 0.352282 0.000000	0.500984 -0.335467 0.000000	-1.080656 -0.016816 0.000000	
0.577408 0.351951 0.000000	0.503300 -0.336114 0.000000	-1.080708 -0.015837 0.000000	
0.575142 0.351610 0.000000	0.505615 -0.336752 0.000000	-1.080757 -0.014859 0.000000	
0.572873 0.351260 0.000000	0.507930 -0.337380 0.000000	-1.080803 -0.013880 0.000000	
0.570602 0.350901 0.000000	0.510244 -0.337999 0.000000	-1.080846 -0.012902 0.000000	
0.568328 0.350532 0.000000	0.512557 -0.338609 0.000000	-1.080885 -0.011923 0.000000	
0.566053 0.350153 0.000000	0.514869 -0.339209 0.000000	-1.080922 -0.010945 0.000000	
0.563775 0.349765 0.000000	0.517181 -0.339799 0.000000	-1.080955 -0.009966 0.000000	
0.561495 0.349368 0.000000	0.519491 -0.340380 0.000000	-1.080986 -0.008988 0.000000	
0.559212 0.348961 0.000000	0.521800 -0.340952 0.000000	-1.081013 -0.008009 0.000000	
0.556928 0.348544 0.000000	0.524108 -0.341514 0.000000	-1.081037 -0.007031 0.000000	
0.554642 0.348118 0.000000	0.526415 -0.342066 0.000000	-1.081058 -0.006052 0.000000	
0.552354 0.347683 0.000000	0.528721 -0.342609 0.000000	-1.081075 -0.005074 0.000000	
0.550064 0.347238 0.000000	0.531026 -0.343142 0.000000	-1.081090 -0.004096 0.000000	
0.547773 0.346783 0.000000	0.533329 -0.343666 0.000000	-1.081102 -0.003117 0.000000	
0.545479 0.346319 0.000000	0.535631 -0.344181 0.000000	-1.081110 -0.002139 0.000000	
0.543184 0.345846 0.000000	0.537931 -0.344686 0.000000	-1.081115 -0.001160 0.000000	
0.540888 0.345363 0.000000	0.540230 -0.345181 0.000000	-1.081118 -0.000182 0.000000	
0.538589 0.344870 0.000000	0.542527 -0.345667 0.000000	-1.081117 0.000797 0.000000	
0.536290 0.344368 0.000000	0.544823 -0.346143 0.000000	-1.081113 0.001775 0.000000	
0.533988 0.343856 0.000000	0.547117 -0.346610 0.000000	-1.081105 0.002754 0.000000	
0.531686 0.343335 0.000000	0.549409 -0.347067 0.000000	-1.081095 0.003732 0.000000	
0.529382 0.342804 0.000000	0.551700 -0.347515 0.000000	-1.081082 0.004710 0.000000	
0.527077 0.342264 0.000000	0.553989 -0.347953 0.000000	-1.081065 0.005689 0.000000	
0.524770 0.341714 0.000000	0.556275 -0.348381 0.000000	-1.081046 0.006667 0.000000	
0.522462 0.341155 0.000000	0.558560 -0.348800 0.000000	-1.081023 0.007646 0.000000	
0.520154 0.340586 0.000000	0.560843 -0.349210 0.000000	-1.080997 0.008624 0.000000	
0.517844 0.340008 0.000000	0.563124 -0.349610 0.000000	-1.080968 0.009603 0.000000	
0.515533 0.339420 0.000000	0.565403 -0.350001 0.000000	-1.080936 0.010581 0.000000	
0.513221 0.338822 0.000000	0.567679 -0.350382 0.000000	-1.080900 0.011560 0.000000	
0.510908 0.338216 0.000000	0.569954 -0.350754 0.000000	-1.080862 0.012538 0.000000	
0.508595 0.337599 0.000000	0.572226 -0.351116 0.000000	-1.080820 0.013516 0.000000	
0.506281 0.336973 0.000000	0.574495 -0.351468 0.000000	-1.080776 0.014495 0.000000	
0.503965 0.336338 0.000000	0.576763 -0.351812 0.000000	-1.080728 0.015473 0.000000	
0.501650 0.335694 0.000000	0.579027 -0.352146 0.000000	-1.080677 0.016452 0.000000	
0.499333 0.335040 0.000000	0.581290 -0.352470 0.000000	-1.080623 0.017430 0.000000	
0.497016 0.334376 0.000000	0.583549 -0.352785 0.000000	-1.080566 0.018409 0.000000	
0.494699 0.333703 0.000000	0.585807 -0.353091 0.000000	-1.080505 0.019387 0.000000	
0.492381 0.333021 0.000000	0.588061 -0.353387 0.000000	-1.080442 0.020366 0.000000	
0.490063 0.332329 0.000000	0.590313 -0.353674 0.000000	-1.080375 0.021344 0.000000	
0.487744 0.331628 0.000000	0.592562 -0.353951 0.000000	-1.080306 0.022323 0.000000	
0.485425 0.330918 0.000000	0.594808 -0.354219 0.000000	-1.080233 0.023301 0.000000	
0.483105 0.330198 0.000000	0.597051 -0.354478 0.000000	-1.080157 0.024280 0.000000	
0.480786 0.329469 0.000000	0.599292 -0.354727 0.000000	-1.080078 0.025258 0.000000	
0.478466 0.328731 0.000000	0.601529 -0.354968 0.000000	-1.079995 0.026237 0.000000	
0.476147 0.327983 0.000000	0.603763 -0.355199 0.000000	-1.079910 0.027215 0.000000	
0.473827 0.327226 0.000000	0.605994 -0.355420 0.000000	-1.079821 0.028194 0.000000	
0.471507 0.326460 0.000000	0.608222 -0.355633 0.000000	-1.079729 0.029173 0.000000	
0.469187 0.325685 0.000000	0.610447 -0.355836 0.000000	-1.079634 0.030151 0.000000	
0.466868 0.324900 0.000000	0.612669 -0.356030 0.000000	-1.079536 0.031130 0.000000	
0.464548 0.324107 0.000000	0.614887 -0.356215 0.000000	-1.079435 0.032108 0.000000	
0.462229 0.323304 0.000000	0.617102 -0.356391 0.000000	-1.079331 0.033087 0.000000	
0.459910 0.322492 0.000000	0.619313 -0.356557 0.000000	-1.079223 0.034065 0.000000	
0.457591 0.321671 0.000000	0.621521 -0.356715 0.000000	-1.079113 0.035044 0.000000	
0.455273 0.320841 0.000000	0.623726 -0.356863 0.000000	-1.078999 0.036022 0.000000	
0.452955 0.320001 0.000000	0.625927 -0.357003 0.000000	-1.078882 0.037001 0.000000	
0.450638 0.319153 0.000000	0.628124 -0.357133 0.000000	-1.078761 0.037980 0.000000	
0.448321 0.318296 0.000000	0.630317 -0.357254 0.000000	-1.078638 0.038958 0.000000	
0.446004 0.317430 0.000000	0.632507 -0.357367 0.000000	-1.078511 0.039937 0.000000	
0.443688 0.316555 0.000000	0.634693 -0.357470 0.000000	-1.078382 0.040915 0.000000	
0.441373 0.315670 0.000000	0.636876 -0.357565 0.000000	-1.078249 0.041894 0.000000	
0.439058 0.314777 0.000000	0.639054 -0.357650 0.000000	-1.078113 0.042873 0.000000	
0.436744 0.313876 0.000000	0.641229 -0.357727 0.000000	-1.077973 0.043851 0.000000	
0.434431 0.312965 0.000000	0.643399 -0.357795 0.000000	-1.077831 0.044830 0.000000	
0.432119 0.312045 0.000000	0.645566 -0.357854 0.000000	-1.077685 0.045809 0.000000	
0.429808 0.311117 0.000000	0.647728 -0.357904 0.000000	-1.077536 0.046787 0.000000	
0.427497 0.310180 0.000000	0.649887 -0.357946 0.000000	-1.077384 0.047766 0.000000	
0.425188 0.309234 0.000000	0.652041 -0.357979 0.000000	-1.077229 0.048745 0.000000	
0.422879 0.308280 0.000000	0.654191 -0.358003 0.000000	-1.077070 0.049723 0.000000	
0.420572 0.307317 0.000000	0.656337 -0.358018 0.000000	-1.076908 0.050702 0.000000	
0.418265 0.306345 0.000000	0.658478 -0.358025 0.000000	-1.076743 0.051680 0.000000	
0.415960 0.305365 0.000000	0.660615 -0.358024 0.000000	-1.076575 0.052659 0.000000	
0.413655 0.304376 0.000000	0.662748 -0.358013 0.000000	-1.076404 0.053638 0.000000	
0.411352 0.303378 0.000000	0.664877 -0.357995 0.000000	-1.076229 0.054616 0.000000	
0.409051 0.302372 0.000000	0.667001 -0.357968 0.000000	-1.076051 0.055595 0.000000	
0.406750 0.301358 0.000000	0.669120 -0.357932 0.000000	-1.075870 0.056574 0.000000	
0.404451 0.300335 0.000000	0.671235 -0.357888 0.000000	-1.075686 0.057553 0.000000	
0.402153 0.299304 0.000000	0.673345 -0.357835 0.000000	-1.075498 0.058531 0.000000	
0.399856 0.298265 0.000000	0.675451 -0.357775 0.000000	-1.075307 0.059510 0.000000	
0.397561 0.297217 0.000000	0.677552 -0.357706 0.000000	-1.075113 0.060489 0.000000	
0.395268 0.296161 0.000000	0.679648 -0.357628 0.000000	-1.074915 0.061467 0.000000	
0.392975 0.295097 0.000000	0.681739 -0.357543 0.000000	-1.074715 0.062446 0.000000	
0.390685 0.294024 0.000000	0.683826 -0.357449 0.000000	-1.074511 0.063425 0.000000	
0.388396 0.292944 0.000000	0.685908 -0.357347 0.000000	-1.074304 0.064403 0.000000	
0.386108 0.291855 0.000000	0.687985 -0.357237 0.000000	-1.074093 0.065382 0.000000	
0.383822 0.290759 0.000000	0.690057 -0.357119 0.000000	-1.073879 0.066361 0.000000	
0.381538 0.289654 0.000000	0.692124 -0.356993 0.000000	-1.073662 0.067339 0.000000	
0.379255 0.288541 0.000000	0.694186 -0.356859 0.000000	-1.073442 0.068318 0.000000	
0.376975 0.287420 0.000000	0.696244 -0.356717 0.000000	-1.073218 0.069297 0.000000	
0.374696 0.286292 0.000000	0.698296 -0.356567 0.000000	-1.072991 0.070275 0.000000	
0.372418 0.285155 0.000000	0.700343 -0.356409 0.000000	-1.072761 0.071254 0.000000	
0.370143 0.284011 0.000000	0.702385 -0.356243 0.000000	-1.072527 0.072232 0.000000	
0.367869 0.282859 0.000000	0.704421 -0.356070 0.000000	-1.072291 0.073211 0.000000	
0.365598 0.281699 0.000000	0.706453 -0.355889 0.000000	-1.072050 0.074190 0.000000	
0.363328 0.280531 0.000000	0.708479 -0.355700 0.000000	-1.071807 0.075168 0.000000	
0.361060 0.279356 0.000000	0.710500 -0.355503 0.000000	-1.071560 0.076147 0.000000	
0.358794 0.278173 0.000000	0.712516 -0.355299 0.000000	-1.071310 0.077125 0.000000	
0.356530 0.276983 0.000000	0.714526 -0.355087 0.000000	-1.071056 0.078104 0.000000	
0.354268 0.275785 0.000000	0.716531 -0.354868 0.000000	-1.070799 0.079082 0.000000	
0.352008 0.274580 0.000000	0.718531 -0.354641 0.000000	-1.070539 0.080061 0.000000	
0.349750 0.273367 0.000000	0.720525 -0.354407 0.000000	-1.070275 0.081039 0.000000	
0.347494 0.272147 0.000000	0.722514 -0.354165 0.000000	-1.070008 0.082018 0.000000	
0.345240 0.270919 0.000000	0.724497 -0.353916 0.000000	-1.069738 0.082996 0.000000	
0.342989 0.269684 0.000000	0.726475 -0.353659 0.000000	-1.069464 0.083975 0.000000	
0.340739 0.268442 0.000000	0.728447 -0.353396 0.000000	-1.069187 0.084953 0.000000	
0.338492 0.267193 0.000000	0.730414 -0.353125 0.000000	-1.068906 0.085932 0.000000	
0.336247 0.265937 0.000000	0.732375 -0.352847 0.000000	-1.068622 0.086910 0.000000	
0.334004 0.264673 0.000000	0.734330 -0.352561 0.000000	-1.068335 0.087888 0.000000	
0.331764 0.263402 0.000000	0.736280 -0.352269 0.000000	-1.068044 0.088867 0.000000	
0.329525 0.262125 0.000000	0.738224 -0.351970 0.000000	-1.067750 0.089845 0.000000	
0.327289 0.260840 0.000000	0.740163 -0.351663 0.000000	-1.067452 0.090823 0.000000	
0.325055 0.259548 0.000000	0.742096 -0.351350 0.000000	-1.067151 0.091802 0.000000	
0.322824 0.258250 0.000000	0.744023 -0.351030 0.000000	-1.066846 0.092780 0.000000	
0.320594 0.256944 0.000000	0.745944 -0.350702 0.000000	-1.066538 0.093758 0.000000	
0.318368 0.255632 0.000000	0.747859 -0.350368 0.000000	-1.066227 0.094736 0.000000	
0.316143 0.254313 0.000000	0.749769 -0.350028 0.000000	-1.065912 0.095714 0.000000	
0.313921 0.252988 0.000000	0.751673 -0.349680 0.000000	-1.065594 0.096692 0.000000	
0.311701 0.251656 0.000000	0.753570 -0.349326 0.000000	-1.065272 0.097670 0.000000	
0.309484 0.250317 0.000000	0.755462 -0.348965 0.000000	-1.064946 0.098648 0.000000	
0.307269 0.248971 0.000000	0.757349 -0.348597 0.000000	-1.064617 0.099626 0.000000	
0.305056 0.247619 0.000000	0.759229 -0.348223 0.000000	-1.064285 0.100604 0.000000	
0.302846 0.246261 0.000000	0.761103 -0.347843 0.000000	-1.063949 0.101582 0.000000	
0.300639 0.244896 0.000000	0.762971 -0.347456 0.000000	-1.063610 0.102559 0.000000	
0.298434 0.243525 0.000000	0.764833 -0.347062 0.000000	-1.063267 0.103537 0.000000	
0.296231 0.242148 0.000000	0.766690 -0.346662 0.000000	-1.062921 0.104515 0.000000	
0.294031 0.240764 0.000000	0.768540 -0.346256 0.000000	-1.062571 0.105492 0.000000	
0.291833 0.239374 0.000000	0.770384 -0.345844 0.000000	-1.062217 0.106470 0.000000	
0.289638 0.237978 0.000000	0.772222 -0.345425 0.000000	-1.061860 0.107447 0.000000	
0.287445 0.236576 0.000000	0.774054 -0.345000 0.000000	-1.061499 0.108425 0.000000	
0.285255 0.235167 0.000000	0.775880 -0.344569 0.000000	-1.061135 0.109402 0.000000	
0.283067 0.233753 0.000000	0.777700 -0.344132 0.000000	-1.060768 0.110379 0.000000	
0.280882 0.232332 0.000000	0.779514 -0.343689 0.000000	-1.060396 0.111357 0.000000	
0.278699 0.230906 0.000000	0.781322 -0.343240 0.000000	-1.060021 0.112334 0.000000	
0.276519 0.229474 0.000000	0.783123 -0.342785 0.000000	-1.059643 0.113311 0.000000	
0.274342 0.228036 0.000000	0.784919 -0.342324 0.000000	-1.059261 0.114288 0.000000	
0.272167 0.226592 0.000000	0.786708 -0.341857 0.000000	-1.058875 0.115265 0.000000	
0.269995 0.225143 0.000000	0.788491 -0.341384 0.000000	-1.058485 0.116241 0.000000	
0.267825 0.223688 0.000000	0.790268 -0.340906 0.000000	-1.058092 0.117218 0.000000	
0.265657 0.222227 0.000000	0.792038 -0.340421 0.000000	-1.057696 0.118195 0.000000	
0.263493 0.220760 0.000000	0.793803 -0.339931 0.000000	-1.057295 0.119171 0.000000	
0.261331 0.219288 0.000000	0.795561 -0.339436 0.000000	-1.056891 0.120148 0.000000	
0.259171 0.217811 0.000000	0.797313 -0.338935 0.000000	-1.056484 0.121124 0.000000	
0.257014 0.216328 0.000000	0.799058 -0.338428 0.000000	-1.056072 0.122100 0.000000	
0.254860 0.214840 0.000000	0.800798 -0.337916 0.000000	-1.055657 0.123076 0.000000	
0.252708 0.213346 0.000000	0.802531 -0.337398 0.000000	-1.055238 0.124052 0.000000	
0.250558 0.211847 0.000000	0.804258 -0.336875 0.000000	-1.054816 0.125028 0.000000	
0.248412 0.210343 0.000000	0.805978 -0.336346 0.000000	-1.054390 0.126004 0.000000	
0.246268 0.208833 0.000000	0.807692 -0.335813 0.000000	-1.053960 0.126979 0.000000	
0.244126 0.207319 0.000000	0.809400 -0.335274 0.000000	-1.053526 0.127955 0.000000	
0.241987 0.205799 0.000000	0.811102 -0.334729 0.000000	-1.053089 0.128930 0.000000	
0.239851 0.204274 0.000000	0.812797 -0.334180 0.000000	-1.052648 0.129905 0.000000	
0.237717 0.202745 0.000000	0.814486 -0.333625 0.000000	-1.052203 0.130881 0.000000	
0.235585 0.201210 0.000000	0.816169 -0.333065 0.000000	-1.051754 0.131856 0.000000	
0.233457 0.199670 0.000000	0.817845 -0.332501 0.000000	-1.051302 0.132830 0.000000	
0.231330 0.198126 0.000000	0.819515 -0.331931 0.000000	-1.050846 0.133805 0.000000	
0.229207 0.196576 0.000000	0.821179 -0.331356 0.000000	-1.050385 0.134780 0.000000	
0.227085 0.195022 0.000000	0.822836 -0.330776 0.000000	-1.049922 0.135754 0.000000	
0.224967 0.193464 0.000000	0.824487 -0.330192 0.000000	-1.049454 0.136728 0.000000	
0.222851 0.191900 0.000000	0.826132 -0.329602 0.000000	-1.048982 0.137702 0.000000	
0.220737 0.190332 0.000000	0.827770 -0.329008 0.000000	-1.048507 0.138676 0.000000	
0.218626 0.188759 0.000000	0.829402 -0.328409 0.000000	-1.048028 0.139650 0.000000	
0.216517 0.187182 0.000000	0.831027 -0.327805 0.000000	-1.047545 0.140623 0.000000	
0.214411 0.185600 0.000000	0.832647 -0.327197 0.000000	-1.047058 0.141597 0.000000	
0.212308 0.184014 0.000000	0.834259 -0.326584 0.000000	-1.046567 0.142570 0.000000	
0.210206 0.182424 0.000000	0.835866 -0.325966 0.000000	-1.046072 0.143543 0.000000	
0.208108 0.180829 0.000000	0.837466 -0.325344 0.000000	-1.045574 0.144515 0.000000	
0.206011 0.179230 0.000000	0.839060 -0.324718 0.000000	-1.045071 0.145488 0.000000	
0.203918 0.177626 0.000000	0.840647 -0.324087 0.000000	-1.044564 0.146460 0.000000	
0.201826 0.176019 0.000000	0.842228 -0.323451 0.000000	-1.044054 0.147432 0.000000	
0.199737 0.174407 0.000000	0.843802 -0.322811 0.000000	-1.043540 0.148404 0.000000	
0.197651 0.172791 0.000000	0.845371 -0.322167 0.000000	-1.043021 0.149376 0.000000	
0.195567 0.171171 0.000000	0.846932 -0.321519 0.000000	-1.042499 0.150348 0.000000	
0.193485 0.169547 0.000000	0.848488 -0.320866 0.000000	-1.041973 0.151319 0.000000	
0.191405 0.167919 0.000000	0.850037 -0.320209 0.000000	-1.041442 0.152290 0.000000	
0.189328 0.166288 0.000000	0.851580 -0.319548 0.000000	-1.040908 0.153261 0.000000	
0.187254 0.164652 0.000000	0.853116 -0.318883 0.000000	-1.040370 0.154231 0.000000	
0.185181 0.163012 0.000000	0.854646 -0.318214 0.000000	-1.039827 0.155201 0.000000	
0.183111 0.161369 0.000000	0.856170 -0.317540 0.000000	-1.039281 0.156171 0.000000	
0.181044 0.159722 0.000000	0.857687 -0.316863 0.000000	-1.038731 0.157141 0.000000	
0.178978 0.158071 0.000000	0.859198 -0.316182 0.000000	-1.038176 0.158111 0.000000	
0.176915 0.156417 0.000000	0.860703 -0.315496 0.000000	-1.037618 0.159080 0.000000	
0.174854 0.154759 0.000000	0.862201 -0.314807 0.000000	-1.037055 0.160049 0.000000	
0.172795 0.153097 0.000000	0.863693 -0.314114 0.000000	-1.036488 0.161017 0.000000	
0.170739 0.151432 0.000000	0.865178 -0.313418 0.000000	-1.035917 0.161986 0.000000	
0.168685 0.149764 0.000000	0.866658 -0.312717 0.000000	-1.035342 0.162954 0.000000	
0.166633 0.148092 0.000000	0.868131 -0.312013 0.000000	-1.034763 0.163921 0.000000	
0.164583 0.146416 0.000000	0.869597 -0.311305 0.000000	-1.034180 0.164889 0.000000	
0.162535 0.144738 0.000000	0.871058 -0.310593 0.000000	-1.033593 0.165856 0.000000	
0.160489 0.143056 0.000000	0.872512 -0.309878 0.000000	-1.033001 0.166822 0.000000	
0.158446 0.141370 0.000000	0.873959 -0.309159 0.000000	-1.032405 0.167789 0.000000	
0.156405 0.139682 0.000000	0.875401 -0.308437 0.000000	-1.031805 0.168755 0.000000	
0.154365 0.137990 0.000000	0.876836 -0.307711 0.000000	-1.031201 0.169721 0.000000	
0.152328 0.136296 0.000000	0.878265 -0.306982 0.000000	-1.030593 0.170686 0.000000	
0.150293 0.134598 0.000000	0.879687 -0.306249 0.000000	-1.029980 0.171651 0.000000	
0.148260 0.132897 0.000000	0.881104 -0.305513 0.000000	-1.029363 0.172615 0.000000	
0.146229 0.131193 0.000000	0.882514 -0.304773 0.000000	-1.028742 0.173580 0.000000	
0.144199 0.129487 0.000000	0.883917 -0.304030 0.000000	-1.028117 0.174543 0.000000	
0.142172 0.127777 0.000000	0.885315 -0.303284 0.000000	-1.027487 0.175507 0.000000	
0.140147 0.126065 0.000000	0.886706 -0.302535 0.000000	-1.026853 0.176470 0.000000	
0.138124 0.124349 0.000000	0.888091 -0.301782 0.000000	-1.026215 0.177433 0.000000	
0.136102 0.122631 0.000000	0.889470 -0.301026 0.000000	-1.025572 0.178395 0.000000	
0.134083 0.120911 0.000000	0.890843 -0.300267 0.000000	-1.024925 0.179357 0.000000	
0.132065 0.119187 0.000000	0.892209 -0.299505 0.000000	-1.024274 0.180318 0.000000	
0.130049 0.117461 0.000000	0.893570 -0.298740 0.000000	-1.023619 0.181279 0.000000	
0.128035 0.115732 0.000000	0.894924 -0.297972 0.000000	-1.022959 0.182239 0.000000	
0.126023 0.114001 0.000000	0.896272 -0.297200 0.000000	-1.022294 0.183199 0.000000	
0.124012 0.112268 0.000000	0.897613 -0.296426 0.000000	-1.021626 0.184159 0.000000	
0.122003 0.110531 0.000000	0.898949 -0.295649 0.000000	-1.020952 0.185118 0.000000	
0.119996 0.108793 0.000000	0.900278 -0.294869 0.000000	-1.020275 0.186076 0.000000	
0.117991 0.107052 0.000000	0.901602 -0.294086 0.000000	-1.019593 0.187034 0.000000	
0.115987 0.105308 0.000000	0.902919 -0.293300 0.000000	-1.018906 0.187992 0.000000	
0.113985 0.103563 0.000000	0.904230 -0.292511 0.000000	-1.018215 0.188949 0.000000	
0.111985 0.101815 0.000000	0.905535 -0.291720 0.000000	-1.017520 0.189905 0.000000	
0.109986 0.100065 0.000000	0.906834 -0.290926 0.000000	-1.016820 0.190861 0.000000	
0.107989 0.098312 0.000000	0.908127 -0.290129 0.000000	-1.016116 0.191816 0.000000	
0.105993 0.096558 0.000000	0.909413 -0.289329 0.000000	-1.015407 0.192771 0.000000	
0.103999 0.094802 0.000000	0.910694 -0.288527 0.000000	-1.014693 0.193726 0.000000	
0.102007 0.093043 0.000000	0.911969 -0.287722 0.000000	-1.013975 0.194679 0.000000	
0.100015 0.091282 0.000000	0.913237 -0.286915 0.000000	-1.013253 0.195632 0.000000	
0.098026 0.089520 0.000000	0.914500 -0.286105 0.000000	-1.012526 0.196585 0.000000	
0.096037 0.087755 0.000000	0.915757 -0.285292 0.000000	-1.011794 0.197537 0.000000	
0.094051 0.085989 0.000000	0.917007 -0.284477 0.000000	-1.011058 0.198488 0.000000	
0.092065 0.084221 0.000000	0.918252 -0.283659 0.000000	-1.010317 0.199439 0.000000	
0.090081 0.082451 0.000000	0.919490 -0.282839 0.000000	-1.009571 0.200389 0.000000	
0.088098 0.080679 0.000000	0.920723 -0.282017 0.000000	-1.008821 0.201338 0.000000	
0.086117 0.078905 0.000000	0.921950 -0.281192 0.000000	-1.008066 0.202287 0.000000	
0.084136 0.077130 0.000000	0.923170 -0.280365 0.000000	-1.007307 0.203235 0.000000	
0.082157 0.075353 0.000000	0.924385 -0.279535 0.000000	-1.006542 0.204182 0.000000	
0.080179 0.073575 0.000000	0.925594 -0.278703 0.000000	-1.005774 0.205129 0.000000	
0.078203 0.071795 0.000000	0.926797 -0.277869 0.000000	-1.005000 0.206075 0.000000	
0.076227 0.070013 0.000000	0.927994 -0.277033 0.000000	-1.004222 0.207020 0.000000	
0.074253 0.068230 0.000000	0.929185 -0.276194 0.000000	-1.003438 0.207964 0.000000	
0.072280 0.066445 0.000000	0.930371 -0.275353 0.000000	-1.002651 0.208908 0.000000	
0.070308 0.064659 0.000000	0.931550 -0.274510 0.000000	-1.001858 0.209851 0.000000	
0.068337 0.062872 0.000000	0.932724 -0.273665 0.000000	-1.001061 0.210793 0.000000	
0.066366 0.061083 0.000000	0.933892 -0.272818 0.000000	-1.000258 0.211735 0.000000	
0.064397 0.059293 0.000000	0.935054 -0.271969 0.000000	-0.999451 0.212675 0.000000	
0.062429 0.057502 0.000000	0.936210 -0.271117 0.000000	-0.998640 0.213615 0.000000	
0.060462 0.055710 0.000000	0.937361 -0.270264 0.000000	-0.997823 0.214554 0.000000	
0.058496 0.053916 0.000000	0.938506 -0.269408 0.000000	-0.997001 0.215492 0.000000	
0.056530 0.052121 0.000000	0.939645 -0.268551 0.000000	-0.996175 0.216429 0.000000	
0.054566 0.050326 0.000000	0.940778 -0.267691 0.000000	-0.995344 0.217366 0.000000	
0.052602 0.048529 0.000000	0.941905 -0.266830 0.000000	-0.994508 0.218301 0.000000	
0.050639 0.046731 0.000000	0.943027 -0.265967 0.000000	-0.993666 0.219236 0.000000	
0.048677 0.044932 0.000000	0.944143 -0.265102 0.000000	-0.992820 0.220170 0.000000	
0.046716 0.043132 0.000000	0.945254 -0.264234 0.000000	-0.991969 0.221103 0.000000	
0.044755 0.041331 0.000000	0.946358 -0.263366 0.000000	-0.991114 0.222034 0.000000	
0.042795 0.039530 0.000000	0.947458 -0.262495 0.000000	-0.990253 0.222965 0.000000	
0.040836 0.037727 0.000000	0.948551 -0.261622 0.000000	-0.989387 0.223895 0.000000	
0.038877 0.035924 0.000000	0.949639 -0.260748 0.000000	-0.988516 0.224824 0.000000	
0.036919 0.034120 0.000000	0.950721 -0.259872 0.000000	-0.987640 0.225752 0.000000	
0.034961 0.032315 0.000000	0.951798 -0.258994 0.000000	-0.986759 0.226679 0.000000	
0.033004 0.030510 0.000000	0.952869 -0.258115 0.000000	-0.985873 0.227605 0.000000	
0.031048 0.028704 0.000000	0.953934 -0.257234 0.000000	-0.984982 0.228530 0.000000	
0.029092 0.026897 0.000000	0.954994 -0.256351 0.000000	-0.984086 0.229454 0.000000	
0.027136 0.025090 0.000000	0.956048 -0.255467 0.000000	-0.983184 0.230377 0.000000	
0.025181 0.023282 0.000000	0.957097 -0.254581 0.000000	-0.982278 0.231299 0.000000	
0.023226 0.021474 0.000000	0.958141 -0.253693 0.000000	-0.981367 0.232219 0.000000	
0.021271 0.019665 0.000000	0.959179 -0.252804 0.000000	-0.980450 0.233139 0.000000	
0.019317 0.017856 0.000000	0.960211 -0.251913 0.000000	-0.979528 0.234057 0.000000	
0.017363 0.016047 0.000000	0.961238 -0.251021 0.000000	-0.978601 0.234974 0.000000	
0.015410 0.014237 0.000000	0.962259 -0.250127 0.000000	-0.977669 0.235890 0.000000	
0.013457 0.012427 0.000000	0.963275 -0.249232 0.000000	-0.976732 0.236805 0.000000	
